12000000001
12000000002
12000000003
12000000004
12000000005
12000000006
12000000007
12000000008
12000000009
12000000010
13001057888
13001175829
13001196295
13001200098
13001223989
13001275766
13001330856
13001356109
13001376193
13001392264
13001441566
13001558535
13001653277
13001671899
13001726789
13001728559
13001735149
13001780677
13001806421
13001835449
13001938923
13001943355
13001944860
13001959911
13002076189
13002098272
13002111257
13002139518
13002159592
13002200363
13002203375
13002204252
13002249764
13002261669
13002382812
13002405327
13002413272
13002414866
13002521260
13002642241
13002743055
13002788996
13002925371
13002982751
13002987721
13003016696
13003038292
13003056232
13003100258
13003185500
13003228667
13003232666
13003266706
13003274357
13003277701
13003291653
13003294122
13003295506
13003296756
13003297311
13003299247
13003522570
13003616500
13003646136
13003723743
13003752155
13003760522
13003768015
13003828289
13003829351
13003886865
13003919958
13003937370
13003999926
13004004027
13004087898
13004167708
13004183992
13004355811
13004409081
13004684717
13004688610
13004785126
13004861867
13005027196
13005031747
13005087076
13005091707
13005102206
13005220254
13005227286
13005261612
13005277803
13005314225
13005496591
13005555411
13005572331
13005576579
13005626727
13005633043
13005650730
13005682963
13005775708
13005872172
13005920990
13005964868
13006018210
13006072034
13006118732
13006120161
13006124419
13006132226
13006156798
13006181388
13006200229
13006200303
13006386230
13006684288
13006686213
13006799301
13007060104
13007110035
13007113426
13007164370
13007191720
13007195641
13007195991
13007202805
13007208974
13007300290
13007303130
13007314270
13007339998
13007340000
13007411201
13007587865
13007599369
13007666984
13007731297
13007792481
13007919600
13008015912
13008093986
13008113021
13008146879
13008161816
13008187872
13008188513
13008237975
13008269200
13008316982
13008317860
13008323735
13008651689
13008755095
13008766762
13008776439
13008819267
13008822654
13008867775
13008868800
13009002993
13009011936
13009014747
13009029965
13009152415
13009189138
13009240577
13009287009
13009442102
13009511213
13009513264
13009597089
13009615835
13009620441
13009630705
13009636692
13009645551
13009667664
13009669733
13009691832
13009698436
13009736772
13009747986
13009757771
13009850675
13009999217
13011000000
13011024500
13011112285
13011133950
13011187435
13011188778
13011196081
13011199862
13011221553
13011249453
13011311135
13011317622
13011337403
13011476144
13011571243
13011637394
13011660799
13011699381
13011701481
13011709516
13011722690
13011770613
13011929058
13011936666
13011962035
13012027060
13012135099
13012165099
13012185475
13012198458
13012205999
13012207234
13012240209
13012256307
13012283510
13012292404
13012330195
13012488136
13012506669
13012566862
13012598357
13012612151
13012636806
13012766831
13012787362
13012903867
13013065192
13013141333
13013676584
13013696499
13013732191
13013798699
13013980783
13013989520
13013990468
13014034465
13014097167
13014112216
13014351513
13014387563
13014459081
13014530860
13014563355
13014576980
13014756200
13015300055
13015400800
13015531865
13015560002
13015560884
13015577664
13015730560
13015777283
13015880597
13015945555
13015973149
13016012757
13016017397
13016132118
13016171651
13016337207
13016359055
13016462921
13016471545
13016480221
13016706948
13016723216
13016772781
13016900623
13016929343
13016933886
13016938184
13016975235
13017144617
13017257915
13017273946
13017285250
13017382684
13017385157
13017396945
13017430715
13017549135
13017579379
13017728833
13017859295
13018011112
13018012862
13018018881
13018051062
13018058883
13018189466
13018207980
13018220177
13018228875
13018305327
13018346762
13018352554
13018530006
13018541623
13018565689
13018931783
13018937792
13019052106
13019127901
13019235556
13019333038
13019452943
13019503334
13019526807
13019704260
13019755470
13019817210
13019894441
13019974196
13019997700
13020000757
13020054162
13020055680
13020061677
13020081322
13020090400
13020090945
13020107848
13020136323
13020150652
13020173217
13020187913
13020189882
13020216707
13020232287
13020405720
13020662227
13021008137
13021042298
13021069750
13021107070
13021119686
13021167577
13021318612
13021338488
13021491607
13021531388
13021613969
13021706570
13021732866
13021838939
13021921341
13021987124
13022042846
13022127141
13022138391
13022138957
13022181115
13022199326
13022216288
13022222264
13022265137
13022339224
13022382147
13022485880
13022555906
13022632016
13022755893
13022763224
13022766421
13022827932
13022840030
13022860769
13022863869
13022927155
13022990058
13023096780
13023180967
13023220263
13023301765
13023346420
13023376357
13023466665
13023507163
13023645840
13023693303
13023723616
13023789811
13023819114
13023837556
13023839701
13023855608
13023968173
13023986967
13024849907
13024859483
13024894245
13025100401
13025101548
13025167957
13025203313
13025219535
13025226268
13025346080
13025397076
13025660414
13025774030
13025864328
13026060312
13026155572
13026155820
13026308630
13026366375
13026366467
13026394539
13026535531
13026603924
13026619301
13026623586
13026698542
13026721582
13026894426
13026896525
13026928101
13026996935
13027020005
13027038162
13027091505
13027109510
13027160026
13027191365
13027192068
13027205035
13027231369
13027300048
13027316919
13027398713
13027418493
13027422731
13027444019
13027575999
13027711197
13027712997
13027738652
13027759673
13027767118
13027773309
13027789503
13027840956
13027845831
13027918329
13027979441
13027999587
13028003009
13028024975
13028112782
13028184906
13028226767
13028412010
13028521030
13028527481
13028624761
13028683537
13028701142
13028816433
13028907276
13028962882
13029188539
13029268986
13029397606
13029433112
13029465338
13029470896
13029614118
13029617231
13029658919
13029691130
13029712163
13029858161
13029901212
13030056725
13030065823
13030190311
13030208921
13030252501
13030328077
13030340606
13030357423
13030376151
13030484979
13030661945
13030715276
13030879790
13030881578
13031060989
13031150480
13031173333
13031186612
13031273179
13031302979
13031343702
13031398326
13031528581
13031722713
13031727829
13031729513
13031745238
13031783516
13031903001
13032047939
13032060321
13032064189
13032145567
13032156812
13032222243
13032233604
13032258177
13032281018
13032305789
13032363237
13032375980
13032413035
13032465488
13032484132
13032496035
13032555474
13032559227
13032561783
13032623523
13032656674
13032673119
13032812152
13032871970
13032878762
13032903576
13032947918
13032962953
13032970236
13033024520
13033077917
13033222228
13033515330
13033557951
13033708446
13033769110
13033773464
13033890808
13033899834
13033939988
13034312040
13034703540
13035065214
13035136772
13035232045
13035470872
13035538986
13035735504
13035831817
13035836752
13035981529
13036063217
13036136089
13036143538
13036152669
13036194748
13036209145
13036334379
13036394898
13036468883
13036536705
13036563165
13036567945
13036671327
13036745295
13036955509
13037023456
13037055228
13037150321
13037153456
13037166727
13037171890
13037172112
13037173559
13037183373
13037196215
13037199962
13037321146
13037330750
13037562140
13037598110
13037603829
13037611396
13037677963
13037726535
13037875311
13038004917
13038096542
13038280087
13038297522
13038445988
13038506037
13038546709
13038700664
13038727068
13038778958
13038903333
13039011297
13039040039
13039087008
13039096768
13039133020
13039200385
13039213393
13039241086
13039281360
13039300511
13039368083
13039372977
13039403072
13039441051
13039493695
13039517034
13039616335
13039766624
13040190750
13040288898
13040310750
13040466111
13040507369
13040532945
13040547379
13040641636
13040652192
13040669113
13040756326
13040759279
13040790215
13040923503
13041190678
13041219645
13041234959
13041277090
13041364117
13042010431
13042047800
13042095574
13042144898
13042150980
13042248605
13042410333
13042497270
13042607789
13042609668
13042624219
13042644877
13042651461
13042674828
13042731449
13042897111
13042960579
13043034390
13043248500
13043336536
13043391772
13043431122
13043451954
13043595189
13043706195
13043730595
13043741580
13043899304
13043917193
13043917859
13044005538
13044016173
13044072988
13044166020
13044227430
13044299274
13044384606
13044542889
13044593928
13044755410
13044869943
13044883707
13045055972
13045082880
13045101910
13045139018
13045144799
13045165077
13045190629
13045356004
13045447411
13045758356
13045853935
13045862191
13045915767
13045987835
13046005415
13046010122
13046016372
13046063371
13046075838
13046103426
13046256881
13046625006
13046889495
13047065453
13047068267
13047072959
13047086683
13047291719
13047360948
13047894663
13047903325
13048008053
13048061561
13048079378
13048089843
13048162392
13048233152
13048242208
13048254584
13048264501
13048343984
13048519189
13048960269
13049029855
13049031528
13049189481
13049196242
13049249828
13049264755
13049273661
13049278365
13049278429
13049280295
13049288804
13049337343
13049452817
13049484189
13049541317
13049541413
13049610231
13049683861
13049693733
13049807912
13049873699
13049875973
13049892026
13050007580
13050022213
13050111966
13050119168
13050144655
13050241940
13050329515
13050477573
13050571938
13050645650
13050693950
13050892530
13050940607
13050953292
13051055962
13051113969
13051118823
13051133070
13051151396
13051177181
13051192127
13051250036
13051260845
13051280064
13051299251
13051321568
13051330930
13051332112
13051378910
13051380080
13051389147
13051455948
13051469022
13051474649
13051475485
13051477477
13051502892
13051527982
13051528359
13051533172
13051554866
13051560083
13051581618
13051595058
13051715939
13051716594
13051730305
13051749838
13051751173
13051764833
13051816056
13051820066
13051825170
13051858219
13051964743
13052000436
13052002905
13052005157
13052023426
13052068203
13052072212
13052105386
13052175368
13052177768
13052272962
13052315398
13052353638
13052475839
13052640829
13052778068
13052810024
13052811529
13052828569
13052858793
13052991841
13053060936
13053092652
13053132130
13053279458
13053314592
13053336767
13053581591
13053599516
13053606865
13053613959
13053630191
13053657856
13053675444
13053738772
13053772706
13053868316
13053911212
13053913339
13053973363
13054003222
13054016857
13054145332
13054186474
13054261822
13054313476
13054331118
13054360546
13054488900
13054489227
13054505927
13054532659
13054642288
13054727957
13054836166
13055088684
13055095794
13055108577
13055160104
13055168886
13055224413
13055228516
13055236001
13055317810
13055328860
13055329446
13055372550
13055382816
13055400906
13055492879
13055535685
13055553209
13055588129
13055596053
13055663380
13055686535
13055754159
13055760468
13055836842
13055850002
13055878380
13055933628
13055936688
13055985822
13055990355
13056051217
13056075506
13056080141
13056093068
13056205195
13056233235
13056237221
13056247767
13056354130
13056361212
13056394333
13056683778
13056700312
13056803015
13056940321
13057190007
13057259778
13057309860
13057457825
13057521081
13057550086
13057561282
13057570096
13057587816
13057613611
13058107007
13058108761
13058148923
13058262987
13058341966
13058391609
13058462690
13058465200
13058664361
13058665111
13058863862
13059056056
13059087573
13059126087
13059213372
13059247903
13059266729
13059339739
13059409102
13059526570
13059702335
13059806968
13059905119
13059936193
13060007192
13060008886
13060021618
13060022869
13060040284
13060042833
13060067866
13060086547
13060210464
13060241684
13060245702
13060321628
13060377349
13060385286
13060391966
13060396155
13060426991
13060508576
13060555509
13060559397
13060560701
13060565825
13060576050
13060585820
13060658441
13060852740
13060872390
13060878915
13061016088
13061201919
13061228279
13061275769
13061282591
13061287153
13061363873
13061659203
13061678595
13061685459
13061719217
13061739839
13061775236
13061860960
13061863927
13061903296
13062089393
13062130062
13062143373
13062268053
13062275631
13062350380
13062436971
13062529809
13062655515
13062688531
13062801569
13062812895
13062860685
13062877269
13062974397
13063005800
13063063097
13063073313
13063154551
13063167382
13063362263
13063489052
13063624918
13063629661
13063636857
13063820915
13063831022
13063886809
13063911798
13063981515
13064266975
13064390966
13064459921
13064726348
13064753798
13064754985
13064888066
13064976761
13065096537
13065138596
13065169818
13065177835
13065548169
13065602899
13065666277
13065668880
13065800848
13065817213
13065862757
13065865010
13065876103
13065891106
13066035510
13066144828
13066189385
13066321661
13066375891
13066392832
13066508103
13066530432
13066536355
13066606251
13066612175
13066623638
13066645678
13066685106
13066743443
13066755928
13066759550
13066789313
13066880298
13066884351
13066887153
13066972625
13067073571
13067080222
13067104370
13067260619
13067273649
13067301056
13067349068
13067421909
13067448215
13067499446
13067508825
13067536203
13067598261
13067722333
13067723086
13067745245
13067786772
13067806868
13067904321
13067944029
13068149149
13068172327
13068275160
13068339123
13068418518
13068576302
13068738266
13068765990
13068792237
13068871425
13069215029
13069297980
13069308683
13069323955
13069369669
13069377880
13069469083
13069475522
13069478185
13069529573
13069536669
13069566858
13069638456
13069668847
13069689333
13069722414
13069865186
13069951368
13070006885
13070060266
13070060355
13070064479
13070093517
13070102505
13070125320
13070435184
13070437997
13070448028
13070477000
13070620725
13070647771
13070660970
13070672497
13070757166
13070763533
13070804222
13071026117
13071039395
13071056411
13071057531
13071089287
13071185351
13071232759
13071233769
13071235647
13071238021
13071251323
13071260208
13071291170
13071293585
13071297104
13071467329
13071476177
13071481482
13071515096
13071763599
13071800988
13071876360
13072023253
13072068720
13072081255
13072121671
13072167812
13072190616
13072215979
13072263637
13072288839
13072599030
13072611674
13072723432
13072747123
13072759183
13072793277
13072815088
13072836085
13072877136
13072886319
13072887286
13072913979
13072942715
13072950296
13072986686
13073001769
13073079447
13073205115
13073246197
13073299729
13073302032
13073500787
13073527615
13073619692
13073694997
13073702676
13073733766
13073740256
13073863538
13074018838
13074069120
13074116688
13074223356
13074293042
13074379101
13074396208
13074695988
13074739419
13074740484
13074852992
13074861997
13075093834
13075116016
13075203825
13075223396
13075355271
13075367972
13075369831
13075380807
13075408812
13075414496
13075633575
13075752066
13075809377
13075814887
13075819508
13075826307
13075847495
13075975168
13076036846
13076038385
13076092665
13076205488
13076206644
13076238422
13076242421
13076247901
13076360916
13076396114
13076430624
13076431076
13076431720
13076501558
13076541455
13076556261
13076557753
13076670364
13076766065
13076877067
13076948622
13077091553
13077097288
13077103486
13077195864
13077328496
13077347903
13077349661
13077359452
13077407283
13077515039
13077525575
13077553340
13077734891
13077737939
13077775138
13077847393
13077872825
13077888111
13077987762
13077988411
13077997850
13077999723
13078206593
13078427359
13078430229
13078434828
13078502038
13078516278
13078667246
13078671512
13078716289
13078750393
13078767112
13078818731
13078880160
13078892859
13078901292
13078921510
13079059002
13079220503
13079260539
13079605261
13079657372
13079683746
13079689945
13079744888
13079777978
13079809063
13079891357
13079895671
13079903977
13079942632
13079949117
13079980709
13080002156
13080013165
13080016568
13080096693
13080178023
13080546929
13080571314
13080618525
13080629174
13080630346
13080631649
13080648223
13080665493
13080700128
13080713288
13080779567
13080785576
13080867815
13081033721
13081058959
13081084650
13081288410
13081322179
13081359250
13081428030
13081547182
13081698703
13081778108
13081798762
13081887770
13081896867
13081920513
13081955975
13082001886
13082068904
13082152010
13082191518
13082198112
13082363277
13082467536
13082675520
13082701250
13082734451
13082737826
13082777725
13082796023
13082803120
13082821750
13082833765
13082836508
13082858583
13082915100
13083010825
13083050000
13083258719
13083373662
13083423983
13083449993
13083524359
13083568792
13083683639
13083685676
13083795332
13083919551
13084103708
13084122333
13084406626
13084627046
13084707566
13084725815
13084734491
13084951431
13085003256
13085039160
13085067595
13085125607
13085195105
13085300666
13085538677
13085675975
13085758261
13085777716
13085785155
13085853441
13085883428
13085897006
13086060169
13086064840
13086173767
13086276201
13086296093
13086382039
13086526880
13086590277
13086613366
13086646771
13086669177
13086688581
13086713565
13086718858
13086831508
13086895057
13087048182
13087058988
13087063516
13087278957
13087337028
13087344938
13087472577
13087506320
13087562993
13087779083
13087824299
13087999694
13088024240
13088031681
13088071717
13088262617
13088280218
13088423066
13088546319
13088553008
13088648313
13088681090
13088777508
13088813072
13088839086
13088887888
13088968661
13089001346
13089001994
13089002037
13089077113
13089095677
13089129925
13089138082
13089161718
13089323322
13089325211
13089405611
13089411546
13089432480
13089441690
13089526140
13089531506
13089567454
13089591179
13089995088
13091034497
13091182856
13091229998
13091239258
13091239666
13091405766
13091533988
13091537613
13091577716
13091673776
13091705555
13091718076
13091808560
13092020309
13092160247
13092290129
13092345508
13092558872
13092571859
13092572925
13092576926
13092691908
13092726079
13092791238
13092813662
13092826111
13092828722
13093008506
13093084018
13093130907
13093603579
13093716926
13093760219
13093802045
13093993536
13094005256
13094026877
13094040252
13094330001
13094457456
13094474657
13094851371
13094977516
13095022210
13095022446
13095027636
13095028077
13095057260
13095109251
13095183983
13095308340
13095513489
13095536030
13095971172
13096031111
13096032735
13096170102
13096187161
13096231780
13096245060
13096296697
13096369791
13096620327
13096685122
13096749799
13096834240
13096866062
13096923461
13096930072
13096957755
13096958585
13097013998
13097046807
13097065552
13097198328
13097380350
13097503929
13097564667
13097630093
13097723298
13097990105
13098509682
13098525252
13098596488
13098663737
13098695579
13098769117
13098817234
13098843406
13098889325
13098947210
13098971083
13099022927
13099061422
13099098170
13099179317
13099470810
13099505049
13099525768
13099607555
13099793987
13099800220
13099801200
13100035001
13100035002
13100071299
13100082716
13100134557
13100185612
13100367570
13100398756
13100602159
13100603009
13100620763
13100621372
13100629181
13100636017
13100663340
13100674881
13100723467
13100876901
13100956379
13100966729
13100968106
13101055257
13101057469
13101072860
13101104030
13101231237
13101299966
13101308643
13101310615
13101318000
13101351928
13101352779
13101355330
13101371303
13101372854
13101373076
13101398640
13101401198
13101526738
13101607686
13101638952
13101810009
13101827901
13101853517
13101856220
13101858993
13101886684
13102022430
13102079101
13102102795
13102122911
13102131020
13102171520
13102184002
13102201287
13102230255
13102283712
13102287172
13102321092
13102332819
13102558357
13102765168
13102855270
13102876028
13103044911
13103197686
13103208188
13103310555
13103355700
13103363350
13103519986
13103562169
13103611064
13103732570
13103757619
13103791400
13103845305
13103845567
13103866159
13103917599
13103959710
13103979892
13103985209
13104035251
13104041668
13104096111
13104123528
13104138288
13104211505
13104216888
13104275920
13104487163
13104493738
13104525905
13104536887
13104555368
13104568013
13104571707
13104595208
13104607557
13104607889
13104615775
13104691223
13104858873
13104867884
13104900325
13104911018
13104917952
13105111399
13105165609
13105202910
13105289135
13105363295
13105377883
13105397801
13105465293
13105472004
13105479178
13105522977
13105635022
13105636847
13105769900
13105862801
13105952006
13105972871
13106003323
13106034526
13106156780
13106158889
13106263266
13106540517
13106571300
13106608019
13106766823
13106778033
13106847301
13106998136
13107001489
13107162843
13107190836
13107230110
13107236788
13107252611
13107348226
13107496479
13107505561
13107559873
13107570535
13107586872
13107609293
13107615069
13107617061
13107634307
13107667019
13107716958
13108075798
13108107799
13108157929
13108168663
13108182101
13108200033
13108266141
13108286916
13108466573
13108551969
13108656172
13108706292
13109007497
13109019180
13109136099
13109208980
13109215018
13109272100
13109375792
13109388938
13109506913
13109517757
13109520295
13109603362
13109660307
13109690551
13109714407
13109752179
13109756166
13109770161
13109792322
13109823569
13109850588
13109854312
13109870371
13109881236
13109907007
13109908089
13109921755
13110016538
13110032100
13110057707
13110065911
13110077781
13110188801
13110235585
13110429092
13110438145
13110445989
13110481751
13110496216
13110555342
13110593237
13110664118
13110678538
13110703275
13110775292
13110929929
13111055960
13111119437
13111151785
13111231371
13111249697
13111398867
13111530503
13111565838
13111874350
13112011462
13112078720
13112114900
13112150332
13112161285
13112165485
13112212714
13112610432
13112669142
13112707745
13112742604
13112755077
13112794194
13112832298
13112904607
13112991935
13113030583
13113042182
13113119113
13113145900
13113263879
13113349838
13113453573
13113665999
13113680307
13113690522
13113694758
13113776691
13113778196
13114130786
13114235555
13114367910
13114371148
13114582927
13114624519
13114629387
13114639093
13114718973
13114864665
13114900856
13114933513
13115025952
13115061013
13115168350
13115228982
13115247391
13115312585
13115360050
13115398171
13115407997
13115591916
13115717536
13115766540
13115900563
13115900935
13116016585
13116068368
13116071130
13116075226
13116086023
13116100473
13116105257
13116120739
13116128390
13116130050
13116150355
13116157891
13116288330
13116370332
13116503049
13116663221
13116672848
13116678142
13116759315
13117011810
13117079988
13117227522
13117278763
13117314925
13117363536
13117396631
13117495706
13117514523
13117598467
13117716991
13117719220
13118219181
13118610804
13118624593
13118626653
13118667787
13118770213
13118908864
13119085777
13119147518
13119157522
13119170319
13119170697
13119178850
13119189283
13119192048
13119207333
13119308321
13119310087
13119520382
13119665091
13119670110
13119690316
13119712199
13119735250
13119761255
13119848325
13119863214
13119894639
13119930337
13119935099
13119938316
13119963697
13120003531
13120015559
13120039508
13120072760
13120129911
13120149847
13120171127
13120198713
13120205952
13120303831
13120310925
13120355500
13120402546
13120420926
13120428368
13120437622
13120487443
13120501606
13120508103
13120529799
13120533327
13120663380
13120669229
13120750785
13120758916
13120930416
13120933050
13121000116
13121019814
13121049994
13121116656
13121129057
13121169924
13121175552
13121215001
13121309464
13121368777
13121383163
13121412572
13121414009
13121435139
13121476431
13121548693
13121601226
13121961503
13122015727
13122016061
13122033781
13122094563
13122095717
13122119668
13122186528
13122199865
13122222221
13122258042
13122290720
13122307782
13122320207
13122320910
13122349019
13122365895
13122377757
13122379037
13122379160
13122463556
13122584815
13122628976
13122682285
13122778077
13122866183
13122870096
13122882872
13122891795
13122906289
13123009512
13123058606
13123111331
13123167800
13123216992
13123248082
13123268329
13123297071
13123334233
13123350180
13123359680
13123475357
13123621939
13123783666
13123811202
13123900716
13124009408
13124153335
13124225187
13124588889
13124621209
13124763728
13124835119
13124952124
13124968763
13125025325
13125056312
13125067080
13125075781
13125094439
13125138726
13125162846
13125187280
13125331181
13125463515
13125495626
13125499180
13125522322
13125557496
13125664128
13125664786
13125702970
13125742433
13125749620
13125779997
13125809828
13125813959
13125899029
13125916572
13125955356
13126018758
13126040814
13126062650
13126095083
13126205807
13126366662
13126394408
13126433220
13126491493
13126520771
13126551058
13126560869
13126589078
13126596956
13126606717
13126619230
13126643061
13126645601
13126666848
13126668686
13126695786
13126731745
13126808837
13126885652
13126898202
13126898360
13126906804
13126909276
13127000221
13127001932
13127035107
13127037600
13127102969
13127122329
13127138916
13127216981
13127255299
13127501351
13127553701
13127657793
13127672610
13127712157
13127733686
13127767021
13127770262
13127788661
13127832935
13127898836
13127917882
13127924128
13127931889
13127976052
13128221553
13128247061
13128251123
13128422828
13128483058
13128596739
13128691706
13128699831
13128753961
13128812527
13128868405
13128920826
13128959544
13129019804
13129083492
13129157436
13129202164
13129277411
13129326791
13129327291
13129545111
13129559552
13129562929
13129567256
13129621975
13129681453
13129892593
13129986370
13130078476
13130100505
13130231062
13130287357
13130323606
13130333070
13130333539
13130403706
13130435688
13130456787
13130472750
13130486660
13130541979
13130712958
13130799988
13130861024
13130933065
13130948521
13131123666
13131152888
13131195168
13131218405
13131425367
13131506688
13131562268
13131601376
13131623554
13131627316
13131665859
13131722405
13132000558
13132066005
13132105629
13132108355
13132126139
13132128347
13132134923
13132152120
13132156283
13132215781
13132222363
13132232022
13132244426
13132258829
13132258866
13132265522
13132279079
13132345730
13132381245
13132394175
13132507562
13132559255
13132859208
13132884411
13133076335
13133104623
13133136655
13133244741
13133353293
13133446415
13133470585
13133743994
13133808705
13133812585
13133815103
13133881713
13134219688
13134232975
13134272721
13134290364
13134308060
13134346098
13134446925
13134458878
13134475839
13134479793
13134535719
13134645505
13134767517
13135075332
13135112215
13135217740
13135271721
13135519596
13135521813
13135565304
13135695723
13135708620
13135728295
13135891940
13136003866
13136093262
13136252100
13136318011
13136393069
13136490002
13136633921
13136657871
13136730067
13136800683
13136902055
13136916741
13136999680
13137052252
13137075368
13137087107
13137109723
13137118603
13137121327
13137129068
13137154392
13137182369
13137185531
13137218837
13137242363
13137351678
13137434520
13137502180
13137559625
13137652558
13137737373
13137738512
13137779483
13137853326
13137870892
13137880660
13137915376
13137923500
13137925958
13138196397
13138224715
13138342959
13138483575
13138532635
13138554750
13138569767
13138684579
13138749180
13138795497
13138887106
13139507079
13139559691
13139607585
13139672895
13139697509
13139870010
13139915822
13139916659
13139938355
13140007736
13140026701
13140043193
13140051888
13140153202
13140167650
13140180191
13140218463
13140616182
13140616898
13140626763
13140902841
13141197921
13141214612
13141258474
13141279999
13141285404
13141311334
13141312156
13141325383
13141350868
13141386655
13141399669
13141405304
13141455526
13141606703
13141830001
13141914048
13141940642
13142065460
13142101421
13142108806
13142150286
13142194850
13142201785
13142204280
13142208730
13142228272
13142259642
13142370523
13142392440
13142394146
13142408401
13142491540
13142659626
13143008403
13143118225
13143128819
13143138462
13143166937
13143300254
13143344096
13143463797
13143470773
13143475256
13143509405
13143511313
13143573427
13143584970
13143603282
13143608626
13143696366
13143722865
13143734136
13143762152
13144054709
13144063047
13144065893
13144100710
13144117140
13144120417
13144189509
13144257726
13144302536
13144312366
13144331995
13144379593
13144455350
13144562533
13144707086
13144722448
13144731515
13144836712
13144842030
13145200235
13145366376
13145545607
13145732991
13145809103
13145817712
13145830491
13145980913
13146002144
13146009602
13146011447
13146022414
13146038601
13146060514
13146069212
13146097759
13146159826
13146174089
13146183472
13146244296
13146277496
13146325168
13146337832
13146525172
13146564866
13146566845
13146660243
13146728041
13146774559
13146798885
13146798934
13146851349
13146864040
13146898988
13146904828
13146927003
13146933587
13147002160
13147006615
13147092575
13147172383
13147355684
13147643509
13147713247
13147793818
13147860591
13147941733
13147973349
13148160313
13148238869
13148330985
13148352074
13148368234
13148370042
13148374121
13148408792
13148425484
13148465091
13148477905
13148491740
13148675066
13148728192
13148795830
13148799633
13148823360
13148885553
13148939775
13149002232
13149053393
13149058672
13149065794
13149127770
13149201555
13149241907
13149374230
13149656999
13150005956
13150229869
13150304309
13150325566
13150335027
13150338137
13150359988
13150751956
13150919708
13150934414
13150987870
13150992361
13151000962
13151003785
13151045457
13151053201
13151069720
13151119267
13151153819
13151158788
13151251756
13151271067
13151286278
13151361218
13151426277
13151520853
13151521368
13151526710
13151593833
13151659258
13151697719
13151771819
13151801771
13151881875
13152013361
13152015632
13152026935
13152029558
13152093110
13152163675
13152417817
13152418806
13152420015
13152457963
13152466820
13152529233
13152603188
13152723199
13152813359
13153015196
13153106472
13153136313
13153149078
13153166191
13153168171
13153192251
13153199778
13153212372
13153251847
13153254873
13153260301
13153286899
13153370121
13153404515
13153545323
13153665885
13153725270
13153838226
13153877378
13154122288
13154131987
13154159556
13154179055
13154377596
13154390207
13154689193
13154900007
13154906667
13154926708
13155013020
13155026746
13155130290
13155173112
13155183596
13155188615
13155220927
13155230952
13155231273
13155233517
13155488030
13155515739
13155550623
13155656429
13155691820
13155725628
13155785239
13155801510
13155838987
13155900262
13156008889
13156084947
13156131617
13156140625
13156140652
13156241583
13156263687
13156271789
13156461235
13156609820
13156658807
13156719986
13156727930
13156789976
13156836688
13156925625
13156978288
13157116669
13157130100
13157150936
13157161290
13157299900
13157352178
13157573803
13157695030
13157958316
13158055825
13158091394
13158415630
13158460019
13158460706
13158509378
13158715820
13158752112
13158782830
13158790618
13158806677
13158819835
13158862865
13158915920
13158951631
13159202152
13159202922
13159294950
13159359907
13159406216
13159421775
13159432968
13159476989
13159557191
13159611450
13159740247
13159755249
13159774829
13159796677
13159871622
13159893601
13160027889
13160171711
13160178303
13160260401
13160312571
13160580386
13160581610
13160602243
13160604340
13160650772
13160652439
13160668927
13160670429
13160703088
13160823318
13161008055
13161081232
13161123845
13161138030
13161186999
13161229090
13161275816
13161309172
13161315777
13161332919
13161353187
13161357716
13161359214
13161363329
13161474992
13161476659
13161485723
13161626416
13161662230
13161683132
13161771731
13161783813
13161900056
13162005209
13162021165
13162022628
13162050089
13162140723
13162165875
13162182828
13162197728
13162209786
13162278251
13162296858
13162318333
13162380782
13162389859
13162512090
13162515887
13162528553
13162529026
13162529762
13162550768
13162553797
13162586026
13162628965
13162652913
13162698257
13162772995
13162774796
13162775885
13162845153
13162876208
13162890359
13162898885
13162900660
13162927880
13162948563
13163050557
13163063567
13163076200
13163122737
13163125071
13163159529
13163171078
13163231003
13163250913
13163308283
13163311137
13163317654
13163343147
13163361615
13163379113
13163380125
13163385017
13163413109
13163539983
13163562522
13163632229
13163671961
13163677095
13163719278
13163787809
13163879545
13163892646
13163907881
13163950318
13164117760
13164141176
13164223443
13164283904
13164302981
13164361979
13164362779
13164366181
13164426276
13164501496
13164505565
13164540798
13164615673
13164639421
13164738325
13164811280
13164843124
13164870330
13164889105
13164950090
13164962756
13165006326
13165086188
13165140701
13165155616
13165170439
13165172688
13165339711
13165391955
13165465828
13165556557
13165638259
13165645752
13165737137
13165783318
13165836573
13165926912
13166001857
13166008391
13166033396
13166089187
13166105130
13166121612
13166173327
13166216090
13166316596
13166332271
13166344315
13166369975
13166398609
13166524547
13166556578
13166571633
13166586271
13166640595
13166656521
13166711825
13166888199
13166967161
13166977081
13167001206
13167023776
13167026337
13167061346
13167076936
13167081077
13167093953
13167151008
13167152972
13167188120
13167231415
13167303344
13167313761
13167341309
13167390601
13167937637
13168131223
13168145756
13168150967
13168181244
13168181603
13168219972
13168230109
13168276082
13168328588
13168541906
13168547520
13168657071
13168661226
13168679233
13168705007
13168756994
13168808230
13168813359
13168881981
13169058687
13169080380
13169112839
13169424693
13169585643
13169637292
13169640234
13169642951
13169652629
13169682182
13169701520
13169879367
13169972916
13170068589
13170107003
13170230016
13170315129
13170405158
13170434510
13170474657
13170494992
13170537663
13170566660
13170593773
13170611581
13170648125
13170735091
13170786817
13170918367
13171002873
13171013111
13171034337
13171169478
13171251184
13171253470
13171275299
13171293889
13171295136
13171318928
13171368777
13171515787
13171631438
13171639134
13171669288
13171688222
13171696183
13171707685
13171707762
13171720816
13171750876
13172003299
13172030483
13172158826
13172178784
13172216120
13172217226
13172247359
13172304026
13172641130
13172759398
13172776608
13172777772
13172795591
13172891358
13172930782
13173000761
13173006098
13173058999
13173118585
13173137186
13173183938
13173216000
13173299051
13173319902
13173443888
13173474018
13173639926
13173651249
13173662645
13173696803
13174060101
13174078805
13174146806
13174194767
13174308448
13174418883
13174421732
13174440785
13174445093
13174454605
13174479509
13174500772
13174559057
13174578728
13174621669
13174655679
13174686490
13174821552
13174830256
13174835767
13174854316
13174893721
13175205278
13175212705
13175482048
13175509801
13175579509
13175635250
13175793165
13176168633
13176171896
13176244628
13176288712
13176307711
13176315221
13176391781
13176451956
13176460808
13176690189
13176881689
13176886105
13177077848
13177079423
13177124991
13177196166
13177423959
13177446653
13177656077
13177761864
13177859443
13177898020
13178002662
13178038917
13178073785
13178082399
13178116011
13178231681
13178375779
13178598501
13178774408
13178786717
13178916267
13178935035
13178976737
13179003229
13179121067
13179490123
13179548280
13179561110
13179642622
13179789099
13179812686
13179822563
13179917669
13179951001
13179995560
13180127667
13180157678
13180260752
13180483075
13180506878
13180710390
13180726391
13180794059
13180802281
13180906005
13180908898
13180921313
13180980022
13181117575
13181123194
13181166730
13181170898
13181214711
13181236006
13181280707
13181605115
13181634595
13181683316
13181686736
13181874872
13181989518
13181998363
13182337337
13182350107
13182493189
13182599036
13182600732
13182624567
13182632941
13182687794
13182810187
13182821106
13182901785
13182937032
13182990100
13183077765
13183089107
13183270047
13183320391
13183325521
13183335818
13183577665
13183769000
13183826518
13183893890
13183899996
13183913023
13183968878
13184221072
13184369059
13184400880
13184578056
13184839388
13184849626
13185051627
13185120885
13185152223
13185191978
13185210925
13185251593
13185289032
13185316128
13185607046
13185669841
13185757805
13185876618
13185931403
13186066635
13186072937
13186108819
13186169692
13186226165
13186275021
13186559688
13186682331
13186897933
13186967152
13187010102
13187051537
13187094733
13187107946
13187115222
13187204752
13187223717
13187268178
13187378787
13187478887
13187482209
13187721136
13188011495
13188221706
13188294925
13188436459
13188452101
13188477912
13188532221
13188605291
13188656907
13188663888
13188778309
13188780853
13188782313
13188807670
13188871828
13188958090
13188960126
13188989270
13189013113
13189048445
13189067307
13189174981
13189182184
13189241102
13189324111
13189356406
13189457409
13189486986
13189520997
13189535320
13189682636
13189820455
13189863754
13190029432
13190061520
13190244807
13190278077
13190333390
13190338686
13190346650
13190703121
13190836590
13190950471
13191055239
13191181673
13191419131
13191506414
13191516172
13191755580
13191801057
13191872557
13192148433
13192210592
13192273215
13192286852
13192588718
13192597529
13192607240
13192927323
13192968559
13192978864
13192989104
13193035639
13193105302
13193149870
13193316755
13193339951
13193461088
13193541249
13193590422
13193691780
13193780535
13193947040
13193959097
13193974108
13194092107
13194100339
13194214577
13194241990
13194284121
13194334355
13194590902
13194621282
13194685986
13194690101
13194896115
13194931172
13194999476
13195086810
13195095010
13195678133
13195691796
13195784878
13195790282
13195799664
13196012566
13196040040
13196042728
13196044512
13196150622
13196238656
13196393330
13196605284
13196964964
13196986635
13197205583
13197325210
13197513221
13197611302
13197772566
13198173202
13198200061
13198252216
13198328728
13198520328
13198544506
13198562580
13198577909
13198610138
13198617383
13198829955
13198853771
13199033688
13199076515
13199087100
13199087766
13199109386
13199135336
13199145665
13199156258
13199169332
13199227448
13199308188
13199370991
13199399742
13199456975
13199462121
13199484896
13199525531
13199550888
13199579112
13199643114
13199759523
13199772468
13199817657
13199839915
13199852070
13199889216
13199917195
13199926675
13199995757
13201170500
13201202428
13201220969
13201223653
13201237137
13201240933
13201242902
13201249016
13201253037
13201273329
13201293771
13201331810
13201362379
13201441207
13201523363
13201575379
13201612627
13201693623
13201720000
13201740215
13201822322
13201933043
13202025773
13202120233
13202134309
13202150353
13202176131
13202246739
13202318200
13202335998
13202338901
13202357934
13202403694
13202442017
13202517105
13202591080
13202684110
13202817681
13202859248
13202906917
13202936499
13202939752
13202977534
13202996966
13203009992
13203033900
13203068502
13203099546
13203114274
13203147695
13203157142
13203167835
13203271856
13203646700
13203729338
13203737934
13203800369
13203808237
13203839372
13203842506
13203868579
13203874776
13203888531
13203906349
13204005003
13204024507
13204031247
13204115226
13204160705
13204518805
13204605670
13204652969
13204845188
13205003953
13205021096
13205081629
13205196666
13205518001
13205550502
13205600080
13205908334
13205922365
13205942182
13206001471
13206050052
13206080703
13206091272
13206099164
13206141498
13206188079
13206322117
13206332018
13206353756
13206399171
13206499319
13206561634
13206598878
13206627205
13206653539
13206690977
13206815559
13206828999
13207007710
13207087773
13207106797
13207132795
13207142222
13207151719
13207160812
13207181157
13207291561
13207321314
13207322917
13207451522
13207517591
13207603706
13207672713
13207706561
13207716935
13207778000
13207801135
13207811426
13207904516
13207989922
13208025676
13208033133
13208033184
13208062162
13208115992
13208185671
13208350188
13208375009
13208431658
13208473557
13208547599
13208548389
13208567177
13208576088
13208807581
13208956855
13209051465
13209051535
13209057766
13209218160
13209260814
13209370667
13209375543
13209403392
13209559608
13209818142
13209852999
13209898396
13209903978
13209932126
13210046705
13210069620
13210086996
13210181629
13210198305
13210227766
13210255795
13210407177
13210439916
13210456689
13210498498
13210670575
13210703580
13210709876
13210826009
13210873021
13210877266
13210885566
13210916572
13210968872
13210986559
13211030795
13211046343
13211172392
13211197432
13211244239
13211293211
13211558565
13211605499
13211739907
13211767559
13211791907
13211796601
13212031070
13212036200
13212088348
13212110015
13212128987
13212132222
13212149906
13212191178
13212213435
13212222547
13212336461
13212546634
13212611342
13212623482
13212625560
13212713500
13212734502
13212765472
13212779493
13212780201
13212798986
13212801172
13213001346
13213033392
13213100228
13213103377
13213112450
13213133475
13213149494
13213156323
13213160626
13213172673
13213194582
13213211973
13213229703
13213232685
13213249090
13213269105
13213270601
13213295513
13213330583
13213441518
13213501831
13213525681
13213526025
13213581688
13213661105
13213670623
13213685785
13213705023
13213730646
13213773186
13213826315
13213921821
13213955392
13214060785
13214081590
13214086566
13214172583
13214178476
13214201878
13214329517
13214359908
13214427118
13214481758
13214507776
13214511466
13214534772
13214668536
13214677340
13214955655
13215000521
13215040872
13215139763
13215154155
13215376010
13215519908
13215630162
13215652600
13215734793
13215745066
13215747552
13215772805
13215925741
13215960560
13216172029
13216275204
13216629502
13216657347
13216697889
13216817230
13216833988
13216908164
13217000513
13217008698
13217009057
13217112967
13217120355
13217126252
13217304213
13217396177
13217493280
13217505463
13217524582
13217591498
13217599306
13217602940
13217621695
13217748910
13217802008
13217909320
13217922999
13217989902
13217999933
13218012205
13218021366
13218038365
13218062690
13218092151
13218342696
13218371107
13218533603
13218581165
13218671772
13218825138
13218884614
13219151111
13219505201
13219549993
13219666537
13219689520
13219727326
13219746498
13219900001
13219970696
13220000882
13220000983
13220040288
13220076117
13220263138
13220291523
13220323150
13220589791
13220594671
13220603861
13220682924
13220690797
13220794236
13220802068
13220861673
13220916882
13220927556
13220970944
13221008118
13221687974
13221690342
13221792779
13221916522
13222006336
13222018060
13222086923
13222087130
13222120697
13222292211
13222526586
13222550536
13222589015
13222598851
13222617613
13222702739
13222703778
13222751279
13222767902
13222778107
13222780565
13222827855
13222855556
13222908719
13222916669
13222933342
13222972929
13222986786
13223193588
13223373199
13223519596
13223870719
13224133110
13224213981
13224249199
13224293711
13224318118
13224419591
13224585520
13224660098
13224678696
13224680521
13224861545
13224867041
13224912446
13225059408
13225092586
13225176059
13225179606
13225264250
13225316762
13225338051
13225393531
13225531080
13225558297
13225610331
13225695667
13225894837
13225912221
13226060862
13226075752
13226329274
13226409636
13226431409
13226432357
13226468067
13226917315
13226995080
13227002006
13227009376
13227023198
13227029795
13227200219
13227257386
13227368036
13227690864
13227737119
13227872612
13227878159
13227878900
13228008710
13228117625
13228252648
13228349360
13228386154
13228521148
13228523013
13228577041
13228708836
13228730188
13228803000
13228843631
13228874185
13228885869
13229001518
13229005325
13229015639
13229109012
13229153751
13229424349
13229452029
13229503437
13229525632
13229557462
13229564145
13229577692
13229598468
13229683504
13229762505
13229782832
13229789746
13229809717
13229926061
13230008854
13230153325
13230279921
13230300143
13230466489
13230523116
13230751872
13230860828
13231065004
13231098676
13231170932
13231184650
13231220383
13231262058
13231263229
13231389869
13231401796
13231433303
13231473037
13231486515
13231494577
13231526572
13231528473
13231561017
13231660843
13231983867
13232112321
13232127469
13232169471
13232315529
13232346868
13232355978
13232408890
13232420950
13232472299
13232774616
13232814917
13232996656
13233007967
13233024778
13233045416
13233050298
13233070933
13233152206
13233246664
13233323779
13233330377
13233376574
13233533836
13233576603
13233635062
13233685002
13233833384
13233854931
13233934369
13233981179
13233992325
13233997195
13234047677
13234092720
13234237729
13234288320
13234309469
13234310726
13234333350
13234363767
13234529555
13234621317
13234895938
13235050660
13235143878
13235178780
13235187197
13235190126
13235225332
13235286333
13235369975
13235574202
13235912075
13235915776
13235930297
13235998836
13236181027
13236200688
13236233165
13236307512
13236325356
13236366667
13236533808
13236583010
13236658817
13236670877
13236682657
13236786721
13236901715
13236988218
13237070663
13237103451
13237108050
13237159026
13237162285
13237930207
13238000067
13238006791
13238039317
13238059201
13238073988
13238239063
13238326521
13238428279
13238800276
13238892993
13239103333
13239221333
13239519677
13239626432
13239669252
13239809111
13239932057
13239934010
13240011961
13240039060
13240294107
13240304741
13240322875
13240324249
13240371904
13240727981
13240808822
13240818906
13240899016
13240932995
13241052622
13241220055
13241244880
13241278917
13241303826
13241568451
13241754883
13241777680
13241816884
13241853753
13241884131
13241919152
13241930669
13241932543
13241967388
13241967798
13242029172
13242051413
13242097597
13242113147
13242161368
13242283096
13242295842
13242386890
13242401910
13242435884
13242489031
13242549039
13242576782
13242725988
13242780287
13242827724
13242853620
13242855365
13242949796
13242982425
13242993899
13243154680
13243166801
13243458981
13243620663
13243634468
13243703793
13243723672
13243756696
13243877477
13244025993
13244234097
13244246588
13244326091
13244406591
13244510200
13244565385
13244605929
13244622563
13244704466
13244732964
13244805113
13244818502
13244888315
13244922852
13244936037
13245121017
13245135438
13245136331
13245322984
13245408497
13245516242
13245552472
13245630075
13245961081
13246027139
13246050928
13246066849
13246133988
13246302595
13246330736
13246457626
13246461917
13246623123
13246657047
13246667701
13246697015
13246705321
13246715861
13246716515
13246728318
13246754286
13246757777
13246801478
13246811780
13246838902
13246841058
13246844391
13246851032
13246962970
13247000968
13247005921
13247009941
13247084581
13247103019
13247123385
13247130500
13247160257
13247339665
13247372266
13247507393
13247652952
13247659762
13247669951
13247670440
13247680913
13247697699
13247768882
13247800763
13247849300
13247965336
13248121238
13248200761
13248214113
13248233991
13248236920
13248402874
13248619459
13248645520
13248711524
13248983436
13249079564
13249106096
13249118061
13249150036
13249165275
13249169934
13249192977
13249239811
13249281208
13249457453
13249511836
13249521177
13249625362
13249626278
13249651137
13249737077
13249830813
13250030269
13250052488
13250068690
13250242905
13250252526
13250256352
13250319020
13250387868
13250449282
13250537218
13250542374
13250545833
13250575905
13250597222
13250738343
13251029920
13251115942
13251357225
13251618998
13251662757
13251827345
13251858675
13251919267
13252195728
13252228886
13252411115
13252420006
13252523166
13252683680
13252686896
13252834337
13252894180
13252922896
13252937012
13252947228
13252976806
13253105697
13253168587
13253312725
13253386507
13253430890
13253438563
13253458736
13253499836
13253520950
13253555230
13253566783
13253582559
13253596685
13253606935
13253635578
13253683998
13253719661
13253723222
13253785429
13253820360
13253821203
13253877387
13253885294
13253938885
13255001897
13255069756
13255225598
13255324481
13255351093
13255353146
13255417987
13255454869
13255460766
13255470533
13255524158
13255600253
13255603235
13255671555
13255673001
13255836609
13255912152
13255968298
13255983121
13255993019
13256022122
13256111031
13256135022
13256151975
13256221626
13256237848
13256329019
13256456782
13256660187
13256677727
13256695908
13256700175
13256700606
13256706788
13256715713
13256721289
13256737160
13256739021
13256889537
13257081497
13257091002
13257483180
13257588024
13257628385
13257781634
13257800007
13257808330
13257920499
13257957621
13258231966
13258339359
13258372132
