18766158532
18766160821
18766231538
18766569966
18766572475
18766591055
18766663956
18766749347
18766843739
18766958301
18766987825
18767006213
18767091835
18767129089
18767131734
18767169029
18767175281
18767391889
18767392166
18768106443
18768106579
18768120422
18768142333
18768161263
18768165287
18768166218
18768170919
18768191540
18768218732
18768286734
18768359098
18768408917
18768548856
18768594181
18768703570
18768842217
18768869771
18768891929
18769091996
18769148842
18769150073
18769204155
18769337595
18769360558
18769388947
18769521827
18769569463
18769711160
18769745553
18769782207
18769856961
18769885687
18769909626
18769989613
18770034334
18770058552
18770069526
18770081049
18770099247
18770126861
18770145210
18770264350
18770275288
18770278815
18770734077
18770916656
18771054057
18771122157
18771126591
18771388157
18771535482
18771565040
18771584947
18771700329
18771905297
18772128500
18772218030
18772244570
18772321692
18772472702
18772505991
18772509225
18772518947
18772615718
18772623426
18772656735
18772846722
18772877301
18772953750
18772954675
18772963511
18773004081
18773009962
18773015679
18773160277
18773226225
18773303733
18773313112
18773346597
18773354561
18773377901
18773387362
18773475620
18773706977
18773711969
18773771997
18773785707
18773791612
18773792166
18773897810
18774005600
18774041654
18774064093
18774213037
18774244109
18774285340
18774303325
18774429853
18774567321
18774620909
18774642853
18774648270
18774722396
18774775743
18774802072
18774815521
18774860745
18774866041
18774867606
18774919360
18774929304
18774929365
18774974061
18774979492
18774984602
18775024737
18775070108
18775072182
18775111282
18775229808
18775370860
18775471887
18775503394
18775554182
18775663114
18775706035
18776021930
18776141603
18776198037
18776205094
18776237083
18776488049
18776528883
18776641143
18776657623
18776770346
18776927737
18776948827
18776972584
18777088349
18777112064
18777260026
18777262389
18777262571
18777300202
18777301562
18777395024
18777800711
18777964911
18778030576
18778355251
18778511143
18778820951
18779007177
18779101322
18779170714
18779187375
18779569335
18779614157
18779695241
18779790175
18779803380
18779866391
18780021659
18780032772
18780045995
18780076455
18780077500
18780103502
18780105489
18780241384
18780257597
18780271360
18780328599
18780353018
18780522582
18780526535
18780544053
18780604833
18780624098
18780736030
18780811686
18781084756
18781181950
18781302430
18781304799
18781307954
18781339061
18781342031
18781472623
18781608609
18781630287
18781692981
18781729463
18781737506
18781868431
18781919136
18781953896
18781955970
18781991504
18781994287
18781995067
18782004931
18782022339
18782050907
18782084851
18782088251
18782090844
18782234168
18782244427
18782250512
18782297097
18782353057
18782378515
18782419521
18782419598
18782483693
18782521714
18782554764
18782607550
18782626584
18782638114
18782874974
18782900244
18782900721
18782903450
18782911300
18782980145
18782980657
18782985060
18782985173
18783001642
18783004994
18783005513
18783093333
18783338917
18783348345
18783369715
18783392922
18783416208
18783475208
18783682667
18783825040
18783859004
18783884618
18783988747
18784023323
18784108964
18784130376
18784140493
18784388382
18784570435
18784578980
18784627402
18784784549
18784817830
18784926765
18785007276
18785076519
18785078569
18785081598
18785113640
18785116915
18785209995
18785446584
18785581945
18785592731
18785688324
18785813888
18785932824
18786003226
18786003730
18786075104
18786101140
18786112848
18786130801
18786133792
18786197747
18786212149
18786439478
18786551479
18786629424
18786685486
18786697141
18786720780
18786783514
18786800987
18786982421
18787007129
18787069770
18787137665
18787168661
18787550271
18787582858
18787718027
18787722413
18788100767
18788177221
18788422187
18788474946
18788511083
18788565139
18788701954
18788734983
18789022789
18789212770
18789442462
18789446992
18789476554
18789695613
18790120536
18790150276
18790159498
18790179921
18790268589
18790306473
18790312222
18790336126
18790361632
18790415113
18790443927
18790550881
18790584212
18790617549
18790629864
18790685883
18790738582
18790742122
18790892183
18791013252
18791057027
18791103155
18791200063
18791234509
18791369949
18791565088
18791580761
18791621044
18791636992
18791665971
18791817062
18791852619
18792068172
18792249844
18792267588
18792288024
18792449505
18792466654
18792485157
18792514741
18792517418
18792544618
18792605922
18792608835
18792643774
18792690777
18792692826
18792708492
18792718106
18792741467
18792752120
18792805024
18792805538
18792820688
18792881789
18792931069
18792935397
18792981391
18792989152
18793401600
18793411431
18793427385
18793500456
18793535395
18793764128
18793801303
18793831771
18793858908
18793877081
18794228271
18794289018
18794372108
18794558137
18794759154
18794821448
18795028819
18795099135
18795110602
18795176493
18795505834
18795807705
18795818188
18795839050
18795857232
18795859006
18795887209
18795958493
18795959635
18795972560
18795987710
18795991920
18796013475
18796016484
18796101088
18796201599
18796206020
18796237894
18796592799
18796757637
18796825613
18796957900
18796962379
18797144143
18797166836
18797346120
18797366594
18797371077
18797401066
18797452376
18797671769
18797979008
18798022600
18798061736
18798080564
18798087413
18798120505
18798219497
18798497800
18798664703
18798735878
18798745235
18798792576
18798796889
18798846332
18799006363
18799037974
18799275815
18799530806
18799615005
18799686501
18799758271
18799827805
18799860183
18799862297
18799883144
18799921528
18799969808
18799972072
18800024333
18800118978
18800122536
18800158441
18800235695
18800335535
18800397308
18800410395
18800410517
18800420575
18800429839
18800463323
18800482181
18800596047
18801004180
18801083930
18801102107
18801105713
18801146821
18801146865
18801169188
18801172441
18801196687
18801230240
18801232180
18801237204
18801245484
18801335367
18801340410
18801493655
18801555665
18801623406
18801950382
18802039763
18802047298
18802073275
18802418626
18802441278
18802495887
18802635690
18802780030
18802938819
18802970577
18803045467
18803073425
18803213254
18803312381
18803415160
18803534456
18803592721
18803633038
18803837001
18804042187
18804079978
18804084010
18804092921
18804186866
18804188290
18804263656
18804263872
18804335705
18804365735
18804390960
18804527355
18804532200
18804601193
18804688830
18804701661
18804708099
18804781228
18804948059
18805030856
18805080035
18805081859
18805131992
18805145039
18805274659
18805326267
18805440500
18805465161
18805578316
18805608240
18805816223
18806077609
18806091503
18806153669
18806294791
18806341251
18806520762
18806533385
18806547515
18806656946
18806686714
18806783885
18806854683
18806877110
18806887651
18806893474
18807090773
18807098047
18807297665
18807308818
18807448163
18807493896
18807500606
18807553368
18807731466
18807745961
18807784418
18808107225
18808141248
18808303507
18808659142
18808926076
18808960265
18808966365
18809350509
18809351752
18809407057
18809496214
18809511546
18809833940
18809835126
18809877764
18810134689
18810138492
18810151511
18810338896
18810357292
18810379646
18810399373
18810412004
18810437561
18810439277
18810480306
18810498808
18810499658
18810499770
18810522747
18810561952
18810563299
18810575451
18810595853
18810605985
18810614454
18810634250
18810660459
18810680085
18810681102
18810694386
18810741624
18810835213
18810924200
18810958698
18810969828
18810981619
18810985523
18811098351
18811211697
18811350321
18811394291
18811500325
18811501533
18811555217
18811581738
18811590538
18811592088
18811639614
18811655689
18811711939
18811774959
18811779628
18811781186
18811792498
18811792610
18811835148
18812632911
18813013139
18813027184
18813092830
18813122847
18813154640
18813155630
18813275435
18813352772
18813443283
18813747929
18813751745
18813756298
18813759017
18813759189
18813759392
18813867016
18813868304
18813960794
18813966263
18813972306
18813978951
18814048838
18814095530
18814108701
18814111664
18814115447
18814117816
18814127191
18814129803
18814218623
18814353440
18814572102
18814577764
18814726197
18814816330
18814841408
18815059717
18815123724
18815181258
18815239357
18815239521
18815284024
18815285877
18816107636
18816233130
18816306684
18816471843
18816485397
18816556680
18816787313
18816794960
18816796371
18816797320
18816890234
18817303804
18817325948
18817350818
18817361954
18817500944
18817580551
18817835955
18817843261
18817847192
18818059676
18818218056
18818218442
18818270260
18818391796
18818402242
18818651313
18818663366
18818688092
18818801863
18818801874
18818804329
18818854443
18818855793
18818872423
18819116137
18819187723
18819205004
18819207784
18819250779
18819254830
18819254839
18819260225
18819261817
18819263418
18819269215
18819434218
18819436469
18819438989
18819440291
18819441124
18819447485
18819454968
18819456626
18819460132
18819470660
18819475206
18819482430
18819494760
18819749744
18819852294
18819895550
18819954645
18820021472
18820023233
18820207921
18820292605
18820520592
18820553110
18820713211
18820790507
18820798186
18820843614
18820937861
18821635927
18821639611
18821772552
18821779562
18821782630
18821810691
18821935963
18821950974
18822088176
18822090806
18822179816
18822181912
18822383686
18822514677
18822522001
18822661220
18823290340
18823400556
18823421069
18823754886
18823854715
18823996858
18824109682
18824111368
18824165896
18824194665
18824277449
18824327034
18824484046
18824864763
18824995464
18825047837
18825056019
18825058376
18825093851
18825102847
18825104639
18825117723
18825156521
18825174935
18825176261
18825182597
18825541120
18825697705
18825737648
18825791396
18826073722
18826076317
18826213209
18826223881
18826238193
18826244565
18826409270
18826418804
18826467194
18826481020
18826485200
18826485366
18826493405
18826694263
18827039006
18827097300
18827194061
18827270997
18827343473
18827406904
18827407042
18827408074
18827512101
18827527849
18827541511
18827549233
18827552313
18827572881
18827677140
18827692795
18828075112
18829027370
18829037133
18829040572
18829040847
18829077745
18829080733
18829212951
18829216224
18829219350
18829219565
18829227708
18829233662
18829235150
18829265484
18829269092
18829285071
18829287854
18829347257
18829354837
18829391035
18829453699
18829555067
18829572199
18829788120
18829893058
18829897794
18830105651
18830135969
18830790598
18830793601
18830810424
18831076067
18831183708
18831329131
18831633603
18831661264
18831831559
18831981667
18831993218
18832010582
18832020701
18832030722
18832039752
18832246468
18832490229
18832622190
18832830340
18832952509
18832961203
18832983515
18832989943
18833145645
18833148885
18833151885
18833199529
18833252246
18833252631
18833295911
18833309900
18833339026
18833506562
18833538654
18833647629
18833657072
18833706995
18833880882
18833910233
18833980273
18834001782
18834079679
18834408105
18834824837
18835118527
18835535199
18835580879
18835591977
18835608065
18835618126
18835700950
18835935796
18837114812
18837178780
18837250813
18837404142
18837520150
18837526899
18837537005
18837560801
18837993367
18838045596
18838166092
18838225569
18838277883
18838298131
18838475183
18838963373
18838973461
18838987336
18838995900
18839201190
18839607065
18839779396
18839800411
18839973122
18840107600
18840233681
18840234666
18840658197
18840677371
18840711168
18840827619
18840830313
18840852815
18840855253
18840898374
18840900835
18841049643
18841080508
18841094104
18841109176
18841109256
18841172881
18841261309
18841280088
18841363912
18841432395
18841639396
18841687090
18841716305
18841727668
18842038880
18842053958
18842079630
18842131248
18842167520
18842203770
18842357321
18842362792
18842404512
18842413658
18842488236
18842601310
18842608365
18842613786
18842629417
18842641814
18842642763
18842652082
18842654916
18842662195
18842673768
18842680772
18842688869
18842783064
18842961294
18842967086
18843011349
18843129659
18843260863
18843320157
18843416239
18843417223
18843541620
18843595397
18843800921
18844074861
18844105202
18844111146
18844129351
18844130314
18844136131
18844157210
18844161382
18844191801
18844194463
18844198590
18844362893
18844526461
18844531227
18844541405
18844766203
18845031712
18845072639
18845074300
18845234527
18845282233
18845389827
18845473789
18845482049
18845663828
18845684328
18845707196
18845830833
18845861975
18845966626
18846088007
18846131920
18846163373
18846164857
18846269600
18846314564
18846434804
18846757746
18846800080
18846828214
18846837385
18846924975
18846928421
18846931681
18847135433
18847200019
18847327911
18847633321
18847770303
18847772992
18847867019
18847961722
18847974821
18847979684
18849064805
18850042052
18850045531
18850048897
18850207580
18850212565
18850220383
18850227637
18850227759
18850254009
18850351264
18850385539
18850457151
18850482866
18850497414
18850542689
18850543710
18850562673
18850609969
18850745123
18850750631
18851218885
18851563873
18851669380
18852362521
18852385113
18852570249
18852574178
18852619012
18852675416
18852712173
18852733913
18852807767
18852895195
18852955167
18853113962
18853371720
18853416616
18853851237
18853961738
18853991037
18854358295
18855002927
18855055155
18855121127
18855132504
18855166686
18855196475
18855339393
18855367300
18855376958
18855432170
18855473058
18855537736
18855539529
18855577995
18855593136
18855599570
18855818618
18855891987
18855952543
18855973313
18856010865
18856015041
18856026900
18856072366
18856094528
18856096198
18856126880
18856156499
18856190568
18856196562
18856313121
18856336628
18856410417
18856849911
18856859302
18856863515
18856967695
18857122389
18857223176
18857259285
18857300423
18857308335
18857480522
18857505791
18857584212
18857614115
18857799790
18857810650
18857838815
18857904348
18857931986
18857952090
18858112069
18858179717
18858362143
18858499067
18858592915
18858594180
18858621567
18858673359
18858677609
18858680657
18858815888
18858843935
18858872583
18858905909
18858970318
18859010891
18859139641
18859150020
18859241229
18859355573
18859387889
18859450255
18859468594
18859503380
18859541561
18859580599
18859590076
18859665808
18859988362
18859992576
18860049330
18860415593
18860416642
18860438218
18860459210
18860469975
18860895960
18860973026
18860974196
18860976831
18861019231
18861101323
18861288793
18861359295
18861359715
18861521024
18861550175
18861737799
18861822951
18861824350
18861824751
18861855429
18862003901
18862006191
18862105657
18862111586
18862146470
18862309544
18862326694
18862326960
18862747159
18862923936
18862940185
18862977654
18862997791
18863281732
18863654756
18863672786
18864631800
18864697008
18864830938
18864839657
18865384839
18865510736
18865515527
18865517721
18865517835
18865541752
18865550121
18865597500
18865599672
18865675521
18865731461
18866175275
18866320301
18866543075
18866566463
18866722967
18866834182
18866885733
18867282821
18867283952
18867303827
18867316117
18867716106
18867720557
18867728255
18867838751
18867963218
18868012091
18868082838
18868084578
18868100253
18868103196
18868182221
18868193616
18868195372
18868248146
18868301551
18868353967
18868388049
18868586252
18868604161
18868720860
18868767957
18868802610
18868803051
18868803875
18868944101
18869216732
18869443905
18869692955
18869701372
18869950241
18869999264
18870030882
18870111811
18870244739
18870293103
18870314229
18870320100
18870325187
18870690686
18870814665
18870911951
18870926309
18871038730
18871098713
18871122719
18871177169
18871189712
18871318588
18871337679
18871486551
18871534705
18871733783
18871766687
18871800667
18871837102
18871995152
18872062044
18872176842
18872181554
18872189175
18872189789
18872214507
18872244643
18872255875
18872275879
18872280316
18872288617
18872510526
18872530784
18872532410
18872553632
18872600263
18872641920
18872755156
18872827117
18872885856
18872893726
18872898561
18873021123
18873067818
18873310560
18873335330
18873355720
18873458926
18873488944
18873523468
18873569018
18873604712
18873759837
18873847415
18873858018
18874001012
18874096085
18874119965
18874151643
18874178176
18874226756
18874252801
18874273615
18874301623
18874505070
18874529173
18874540472
18874714520
18874743234
18874750905
18874779761
18874843669
18874853273
18874957156
18875022376
18875028703
18875030560
18875181160
18875240506
18875272764
18875286117
18875291621
18875877758
18875878353
18875889267
18876058613
18876072866
18876160880
18876259633
18876265278
18876309498
18876318981
18876365887
18876367742
18876398937
18876464496
18876506162
18876600381
18876686620
18876736082
18876794954
18876869211
18876912579
18877140556
18877156394
18877166490
18877207224
18877239870
18877327859
18877446429
18877537555
18877540341
18877546776
18877576453
18877785188
18877796767
18877915846
18877915989
18878159369
18878478044
18878631911yll
18878726137
18878979300
18879218668
18879273448
18879674153
18879707927
18879721944
18879755561
18879809152
18879946881
18879958479
18882002450
18882076672
18882302360
18883101955
18883111880
18883216052
18883247671
18883254419
18883256016
18883259632
18883263732
18883333752
18883501683
18883509983
18883513522
18883546033
18883698650
18883719970
18883900043
18883935138
18883938259
18883942406
18883965382
18883966597
18883985781
18885031718
18885263793
18885264029
18885660448
18887171660
18887206435
18887751271
18887909994
18888139184
18888150032
18888178792
18888312392
18888380807
18888648055
18888664084
18888810233
18888824032
18888832813
18889178629
18889201883
18889241959
18889288423
18889315777
18889361560
18889405358
18889468404
18889624584
18889724682
18889811647
18890119157
18890191106
18890237327
18890333392
18890618375
18890699525
18890900745
18892088731
18892089387
18893103368
18893122308
18893281889
18893441109
18893619315
18893790224
18893798679
18893816239
18893859714
18893918901
18894000010
18894175112
18894313928
18894314127
18894467521
18894492050
18895087149
18895312719
18895358075
18895359925
18895361386
18895381892
18895435240
18895572388
18895617332
18895621017
18895621575
18895636779
18895678272
18895679697
18895703316
18895705642
18895709650
18895759449
18895784560
18896583326
18896625063
18896742160
18896796581
18896930904
18897481493
18897660598
18897755773
18897952575
18898183065
18898519237
18898575503
18898595048
18898600792
18898783766
18898832060
18898862318
18899021880
18899029775
18899044833
18899196223
18899198169
18899666570
18899712274
18900228381
18900306936
18900381366
18900682374
18900787480
18901353001
18901522918
18901801868
18902368471
18902537288
18903191615
18903200585
18903276726
18903330311
18903339118
18903403552
18903419110
18903444494
18903620748
18903726519
18903790817
18903949861
18904110284
18904170027
18904262826
18904590665
18904648382
18904675916
18904754525
18904906039
18904952027
18905068523
18905213571
18905281088
18905310456
18905341776
18905365159
18905444658
18905506345
18905685106
18906041732
18906196791
18906276858
18906376659
18906445058
18906610707
18906682192
18907001787
18907013699
18907080618
18907177331
18907277100
18907286719
18907341266
18907398151
18907405695
18908030197
18908235102
18908325168
18908355203
18908500419
18908570077
18908581537
18908689306
18908813291
18909065761
18909102587
18909115623
18909189952
18909358903
18909464428
18909483906
18909791100
18909860637
18909924129
18909940509
18910013110
18910049661
18910051519
18910186783
18910199871
18910230520
18910254087
18910310171
18910314203
18910363450
18910426946
18910516696
18910600855
18910664578
18910670993
18910688004
18910691471
18910702793
18910760832
18910800380
18910941365
18910966571
18911026131
18911039897
18911068469
18911129347
18911129398
18911133200
18911297493
18911308506
18911312760
18911345825
18911486036
18911503000
18911605536
18911630130
18911685421
18911701054
18911721816
18911755399
18911759928
18911773232
18911778760
18911822903
18911880201
18911895602
18911928356
18912006543
18912013973
18912314990
18912871633
18913114434
18913119660
18913185200
18913421226
18913804689
18913937950
18914027331
18914087775
18914266519
18914691960
18915036263
18915120604
18915262969
18915414612
18915532311
18915556596
18915970212
18916153434
18916550145
18916568393
18916890020
18916976797
18917079420
18917083113
18917271916
18917351027
18917638506
18917684217
18917774062
18917808823
18917854898
18917985978
18918061927
18918120012
18918134186
18918187804
18918208189
18918384613
18918480390
18918568558
18918625077
18918800522
18918931181
18918932103
18918935425
18919022333
18919136726
18919220954
18919312033
18919416500
18919856111
18919871452
18919900311
18919949976
18919968206
18919986965
18920088818
18920103708
18920304152
18920518559
18920571929
18920581790
18920623289
18920735701
18920753725
18920788003
18920927368
18920967616
18921077595
18921118511
18921574656
18921623298
18921780808
18921790710
18921811016
18921990884
18922169568
18922345993
18922631102
18922923081
18922963388
18923001222
18923121085
18923121095
18923341691
18923646048
18923678868
18924400776
18924582013
18925077483
18925104228
18925566002
18925786654
18926184397
18926628921
18926878321
18927350279
18927416798
18927700042
18927872413
18928066108
18928135678
18928360891
18928477160
18928560876
18928572072
18928758030
18928784771
18928800634
18928834236
18929080999
18929380204
18929509213
18929556507
18929677098
18929699950
18930122023
18930154616
18930180900
18930373166
18930703385
18930836782
18930970939
18931069021
18931130428
18931263792
18931326089
18931408007
18931516075
18931671524
18931797363
18931801996
18931969315
18932168089
18932310998
18932361163
18932440291
18932454703
18932688175
18932710863
18932761925
18933209013
18933326384
18933528862
18933655236
18933772276
18933800092
18933933326
18934405488
18934743271
18935156524
18936109004
18936167617
18936338117
18936507291
18936896364
18936931177
18936945524
18937127209
18937162187
18937215985
18937269161
18937419788
18937467733
18937508096
18937609303
18937680910
18937727069
18937920671
18937923161
18938540967
18938601030
18938846488
18939138275
18939145933
18939187242
18939421100
18939785701
18939889953
18939919049
18939954626
18940098293
18940838169
18940906812
18940975197
18941184311
18941768559
18942002979
18942448668
18942826743
18942874318
18942958985
18943008032
18943009087
18943839213
18943917088
18943976120
18944575857
18944578275
18944685518
18945141334
18945651518
18945679816
18945706976
18945921992
18946021424
18946129226
18946509393
18946554226
18946662115
18946719037
18946786305
18947237794
18947287156
18947463344
18947467444
18947808280
18947890269
18948007296
18948266446
18948353631
18948728649
18948861810
18949088754
18949577998
18949656521
18950008021
18950632909
18950818293
18951046106
18951111870
18951118068
18951213277
18951245575
18951302677
18951444188
18951619925
18951863247
18951897193
18951912302
18952311118
18952606214
18952727950
18953013923
18953152926
18953160729
18953227216
18953356039
18953356787
18953639618
18953721106
18953749886
18953819388
18953858368
18954932109
18955191264
18955625340
18955789435
18956263996
18956321982
18956537985
18956629251
18956634339
18956723333
18956945011
18957854020
18957857017
18957952001
18958003023
18958039168
18958095073
18958133761
18958138575
18958596056
18958778138
18958785061
18959210701
18959216266
18959267313
18959317157
18959612394
18960099572
18960159201
18960207696
18960306636
18960516865
18960520980
18960528239
18960788199
18960939550
18961150252
18961372305
18961484866
18961636609
18961793922
18961960869
18962183893
18962253081
18962280680
18962407618
18962434125
18962528226
18962594862
18962691059
18962990029
18963201525
18963365252
18963413651
18963720812
18964719717
18964801229
18964884580
18965102382
18965108907
18965230981
18965421973
18965714520
18965845290
18966036755
18966750440
18966754002
18966761495
18966874922
18966879975
18967006674
18967131110
18967205290
18967285300
18967378285
18967450170
18967457727
18967533153
18967776287
18968017929
18968027535
18968110588
18968118680
18968179408
18968226595
18968368250
18968527722
18968601102
18968719393
18968800539
18969146330
18969199402
18969229317
18969239535
18969656525
18969767970
18970005669
18970070561
18970131315
18970161558
18970289189
18970317655
18970439201
18970827004
18970881592
18970932090
18971180860
18971251808
18971255072
18971322299
18971445532
18971511149
18971670339
18971695473
18971777421
18971828755
18971901001
18972501236
18972689737
18972716812
18972772027
18973050523
18973375189
18973560523
18973793729
18974339747
18974681105
18974681118
18974846088
18974859307
18975003309
18975115442
18975156295
18975169729
18975169791
18975183337
18975209230
18975209776
18975217110
18975230338
18975366607
18975620727
18976049200
18976306460
18976319632
18976496711
18976630826
18976889520
18977247108
18977318973
18977482775
18977992866
18978022162
18978075352
18978186479
18978269896
18978419055
18978539313
18978757666
18978871931
18978925002
18978980510
18979088291
18979141899
18979190110
18979817100
18979916583
18979926992
18979988671
18980123513
18980126082
18980422422
18980501969
18980503635
18980654607
18980678400
18980678424
18980989927
18981007281
18981026345
18981060433
18981070362
18981111017
18981115988
18981255808
18981385731
18981395156
18981720917
18981823217
18981840873
18981859158
18981870033
18981915395
18981927821
18981941847
18981949763
18981957942
18982058596
18982085468
18982093778
18982152039
18982152489
18982171739
18982205276
18982214673
18982226875
18982442212
18982604755
18982911580
18983025786
18983046365
18983087140
18983116642
18983232413
18983353397
18983654104
18983754317
18983863446
18983993359
18984019058
18984027239
18984041180
18984050326
18984088881
18984110216
18984144378
18984213572
18984286847
18984562810
18984597737
18984597923
18984663291
18984813648
18984817306
18984930807
18985083068
18985111428
18985129873
18985141530
18985198057
18985253068
18985287117
18985442917
18985456292
18985536802
18985550701
18985618375
18985630559
18985813595
18986007787
18986019747
18986104691
18986139861
18986222412
18986237557
18986559678
18986860999
18987071135
18987150989
18987197162
18987317866
18987615790
18987799330
18988115022
18988115518
18988156960
18988183356
18988279383
18988416991
18988432951
18988466114
18988513989
18988542169
18988549960
18988557052
18988661556
18988728659
18989123690
18989125785
18989249889
18989284918
18989556860
18989848611
18989876844
18989945928
18990110549
18990213656
18990389011
18990492741
18990511523
18990630563
18990836123
18991149843
18991188553
18991209664
18991308239
18991468090
18991525799
18991584075
18991607590
18991856371
18991868260
18991914679
18991919741
18992059313
18992319038
18992355220
18992384582
18992392694
18992586789
18992652935
18992695284
18993030890
18993163336
18993292481
18993333877
18993452933
18993477554
18993584177
18993707742
18993731589
18994052119
18994381693
18994977809
18994984099
18995084765
18995126520
18995196729
18995222972
18995555110
18995577556
18995908252
18995915108
18995935923
18996008470
18996204512
18996339379
18996418969
18996659368
18996788682
18997432749
18997567622
18997705161
18997726981
18997799831
18997816286
18997987130
18997992343
18997999981
18998246790
18998297238
18999008311
18999105135
18999202747
18999284968
18999351983
18999370823
18999376932
18999459599
18999477721
18999488533
18999522559
18999529625
18999531556
18999533337
18999580501
18999708993
18999794333
18999889003
18999903611
18999922258
18999993642
190254055
191339150
1921625686。
1927144652
1950328460
1957537680
1969169098
1975957540
1977118670
1980492552
1980738317
19970720viv
200856655
20111001
2028523593
2043729045
205172699
2058579159
2097268536
2108917605
214395017
2200718244
2207957012
22085
2214259200
2228994670
223363012
2234030591@qq.com
2235380877
2247823674
2250871483
2256450052
2260839269
2272394545
2287362396
2287764151
2289090549
2298894903
234256798
2362241181
2364489980
2364920169
2367119607
23997651
2402897473
240966376
24112841
2413877715
2415092979
2421178433
2426076931
243303484
2433271532
2436234942
244028483
244033074
2441324805
2445851448
2447062246
2447106352
2453534466
2456338001
2459974600
2467103699
2469887128-wyd
2483189162
2502658485
2508261691
250868594
2510935919
251202101
251517876
252268744
2522904660
2523156866
2523799883
2531934920
254025262
2542148322
2556317735
2570828857
2577767643
2584679*55576
2587514001
2604319532
2606254568
2607658784
2607865839
2609279106
262501383
2627610330
2628690478
263307624
2645065200
264569801
2647076975
2649935026
265564886
2660602417
2682736005
270009672
2704203
271845262
271997577
272150759
27228663
272314926
2730304838
273417055
274098308
274100595
274726089
275795236
275810049
27638240
276886798
27784033
279459854
280307884
280969597
2812755589
281768081
282496951
283800572
285888547
286272657
2863451991
2865359352
286825579
287737238
287931846
2900209163
290090127
290412786
291385386
294018727
294078069
295116889
295937676
2959608220suting
296291952
296731343
2994883359
3034200188
304358141
304572614
305821849
306210189
306382081
306640630
307567572
307647181
309181670
30966198
309917185
309926284
312426811
312716838
313533327
3141298805
316283852
316658438
317106241@qq. com
317812625
317962546
320697774
327138994
327276415
327811156
32783651
328478762
328772172
329504653
329630976
329854031
329901634
330410909
330690620
330701703
330764976
330804827
33219124
332320280
34054684
34171414
344079559
344758127
344802942
345881175
346107008
347292091
349744614
353234963
35383958
353841885
353927744
357269534
3587257
359155506
361566431
362250268
362489427
363129533
363608896
363894954
364051370
365588254
370881178
371543005
374552612
374632721
375727536
376022364
377379531
377512421
378012977
378274876
378308180
380070824
38053087
38284773
382931294
383230937
383826259
38456985
386093178
386971976
389214016
389362234
392767725
393261412
395381197
395778481
395797432
396467051
396984413
397080354
397573074
398147750
398505816
398952582
399467697
4016933
401720431
403193434
403557361
403588563
404075505
404075845
404586268
405820249
406183541
406231057
407696918
408105401
4087070
409016741
410421735
410539489
410917157
4116866
412618676
412999520
413845358
415046667
415859115
417904697@qq.com
417940170
418061394
419417116
4196103
420228948
420803722
421176403
421353122
42140384
421486639
421780254
422267222@qq.com
424370742@qq.com
429537195
43022127
435209258
442067121
442604522
443824813
445130391
445281976
4455aomin
445923902
446261842
447841704
451216272
451301187
451545057
452148095
4528baobao
452904595
454915254
454997217
455071569
458017384
459076421
459621210
460102185
460744406
463540530
464417643
465398964
466271189
466361037
466974589
470348941
4711635
471632694
472304834
473251152
474987825
475306126
475422630
479665468
48532986
492440989
493998842
494443108
494712615
495100485
497614089
498325758
498339319
49errfv
501351969
50150067
501832589
50340703
504112770
504675742
506989596
510469582
510649241
511974648
512227969
512610425
514534603
515009409
515604252
516405177
517943193
517943493
519110909
519246117
519721142
519985515
522811836
522956867
523820779
52425
52454041
525184467
525354702
525754849
526149580
526279295
526394374
52661455
529689861
529760764
530107928
530343921
530403875
530511421
530825920
532010994
532240162
532300358
532748641
534080243
537082914
5396960
540356871y
540434692
540450720
540526104
540551514
540658153
540959210
540971763
541796776
54211145
542229028
544646281
549328831
550494439
550729741
550741293
552095171
554868425
5552549
555536633
564321399
564694091
568293551
568540181
568796346
569357006
571943393
572416834
572771072
574818620
575173362
575314198
575lgh
57769770
578254452
57906370
57974501
58216088
583201686
583685515
584123097
584385303
584503285
584560062
592285524
592532744
59309133
593308781
593596231
594947864@qq.com
596524234
597319740
598423034
601621593
601853091
602160605@qq.com
602884791
603744254
604143140
605405839
609339258
610787617
610979995
611453
616272640
616773363
617746293
623031798
623662120
625576419
627024735
630476157
631963968
631975010
632105084
632458220
634533465
635052082
635513984
641674794
642290713
644736785
646016445
646041431
646287087
648507365
649685061
651356570
651980289
653971292
654881378
654908099
656247990
656249620
657767666
659458338
66138081
663141026
66648506
669801156
671167574
672248150
674436988
674732219
674800202
675076439
675141973
675242773
675301397
675493360
675605658@qq.com
675916479
676751341
690130412
690266433
690311211
692790654
693249312
694073409@qq.com
694191869
694352202
70145617
702122793
703178191
704445704
706538883
714534516
715463145
715588341
724254082
724369468
724626601
727370191
729817335
731555631
739054438
740031105
740115078
740682321
741087368
741924990
742014353
742724200
745908295
747734939
747739202
747872218
752133380
75222797
752831309yytyyt
754294325
754570339
75474050
756280606
756328783
757542832
759277860
759388211
764301184
764769958
765239005
765754390
765943230
76773889
768867626
769548933
769763163
770386974
771555762
7717771
771841699
772915021
773427715
773588449
774319863
775040970
776139591
776199781
779146077
779813828
781128809
781260690
784037887
784144420
785326752
785697886
786078279
786542996
78719110
787779943
792483644
792803342
793945954
79572970
798144024
798389751
798895741
799117275
799216038
799588117
799942207
804278704@qq.com
805367840
805746082
806128101
806411802@qq.com
80758069
80873899
809137881
809168247
810859808
810919970
81267228
815051342
815731400
819152142
819488262
820347092
820996624
821421722
823926029
823989131
824621016
824959871
825012963
825899802
826032368
826587594@qq.com
82947696
834232500
834441320
834886995
835223861
835803734
839937650
841193221
842318309
843232150
843879311
843942631
845241165
845300778
845535312
84894586261919
850069254
850585861
851705401
851764931
853410904
853811507@qq.com
854268258
854556574
86059672
861342500
862819962
862849332
863509343
864434021
864998105
865484962
867488757
867850436
86885394
869360053
870380815
870382275
870474655
870590946
870961016
871451424
871508694
871704184
87336565
874519784
875389853
876687255
877282808
879147175
8824333
885483907
891759516
892201656
892258258
892415998
892547284
894929477
895700872
897334505
897614070
898246270
903069859
903691203
903710435
903764290
905815131
907153641
907435311
907552860@qq.com
907694566
907902353
909377753@qq.com
909438773
909861983
910835912
912217003
912712658
914245972
914394149
915570114
916278094
916655595
917536467
918720433
919241845
919651756
919729646
919768943
920078658
920107935
920482148
923941293
925336842
925833694
925961851
925998567
927266137
928314905
928738312
929332655
932237230
932540354
932622220
