
444744702
LQJ1181018
chenyan394575460
daili971115
hai15854746400
liuxiaoxue84365832
mm1144932784
w814608969
wwj778235455
x188082433
z13676045090
zhou15281969005
zrj1156055183
407735757wanglei
984247654@qq . com
Fitch 
W13530687092
Xiaojian8424
Z839397674 
beioudeqiutian 
crshxh 
dogbaby78 
gentryck
hinahina74
kinseyzhuang 
lisa hen-sz 
meihuoss 
minkiwithme 
xzb374184984 
yangtiaowang 
zjj1991 
-Passerby
-anika-
1005048756
1005244613
1005818140
1006062678
1007449330
1007457390
1009353610
1010443446
1012858732
1014360392
1015812848
1016285414
1017013697
1017559471
1017892390
1018628434
1018871803
1019827167@qq.com
1019881376
1020117928
1020628537
1021203996
1021806166
1021983745m m
1023205790
1023768473
1024082421
1026138870
1026379662
1027653168
1029427564
1033424427
1034231037@qq.com
1035504462
1035524452
1036817172
1040561915--小念
1042015967
1044730480
1045889657
1045897982
1048292532
1048790207
1049203738@qq.com
1051737286
10531872
1053733132
1054131843
1054418746
1056107028
1056336558
1058845201
1062041146
1063497337
1065114291
1071006555
1073399548
1074406152
1075097922
1075226812
1076370003
1079620038
1084006957
108985481
1091428147
1094517548
1095136458
1096125936
1097079890
1099611534
1105452422
1106471171
111111256886
1113832993
1115339087
1115487164
1119565426
1120768360
1120826168
112130211moose
1123383442
1124413268
1127165364
1127555802
1132342411
1134650068
1140358672
1143700426
1145415002
1145919943
1146677369
1148041422
1148956097
1150905488
1151026809
1154768514
1157785057@qq.com
1158392462
1158927175
1159030575
1160345460
1169784612
1170760236
117129XM
1171874536
1173733358
1174851892
1175307211
1178333279
1178489986
1183637650
1186903662
1187602080
1187815145
1192143073
1195539868
12000000001
12000000002
12000000003
12000000004
12000000005
12000000006
12000000007
12000000008
12000000009
12000000010
1205343218
1206121386
1206667631
1209805461
1210270659
1210431937
1213730195
1215596860
1215791507
121911565
1220630439
1223090967
1223955570
1226266835
1227298748
1228198808
1229873760
123456789
1234567890
1235176323
12366668858
123798169
1242822741
125093934
1253318780
1255377848
1256657355
125723761
12574741
1260675523
1260903192
1264358639
126456789
1264608594
1272850942
1273059593
1274257891
1274731921
1274804774
12750730
1277900735
1280126539
1281643021
1281780606
1284463853
1291784805
1292937411
1293175188
1293411744
13001196295
13001275766
13001392264
13001441566
13001653277
13001735149
13001780677
13001835449
13001943355
13001944860
13002076189
13002249764
13002405327
13002743055
13002788996
13002925371
13002987721
13003016696
13003038292
13003723743
13003829351
13003919958
13003937370
13004087898
13004355811
13004785126
13004861867
13005031747
13005220254
13005227286
13005277803
13005555411
13005572331
13005626727
13005633043
13005682963
13005872172
13006118732
13006156798
13006684288
13007060104
13007164370
13007181678
13007184614
13007191720
13007202805
13007208974
13007300290
13007587865
13007599369
13007919600
13008015912
13008113021
13008188513
13008269200
13008323735
13008651689
13008819267
13008822654
13009152415
1300947226
13009513264
13009636692
13009645551
13011024500
13011187435
13011221553
13011637394
13011701481
13011709516
13011722690
13011770613
13011929058
13011962035
13012165099
13012185475
13012198458
13012283510
13012292404
13012488136
13012598357
13012636806
13012668513
13012766831
13012903867
13013065192
13013791687
13013798699
13013990468
13014034465
13014097167
13014387563
13014459081
13015300055
13015560884
13015577664
13015777283
13015880597
13016462921
13016480221
13016723216
13016772781
13016900623
13017144617
13017257915
13017273946
13017285250
13017382684
13017430715
13017549135
13017579379
13018051062
13018189466
13018207980
13018530006
13019052106
13019127901
13019235556
13019452943
13019503334
13019894441
13019974196
13019997700
13020000757
13020055680
13020061677
13020187913
13021008137
13021154908
13021613969
13021706082
13021826766
13021838939
13021987124
13022042846
13022135013
13022199326
13022222264
13022382147
13022555906
13022632016
13022755893
13022763224
13022827932
13022860769
13023180967
13023220263
13023346420
13023507163
13023693303
13023819114
13023855608
13024849907
13024859483
13024894245
13025100401
13026155820
13026535531
13026619301
13026698542
13026894426
13027038162
13027191365
13027192068
13027418493
13027422731
13027575999
13027711197
13027738652
13027759673
13027767118
13027789503
13027840956
13027845831
13027918329
13027923482
13027999587
13028024975
13028112782
13028412010
13028527481
13028816433
13028907276
13028932461
13029397606
13029617231
13029691130
13030056725
13030190311
13030208921
13030252501
13030328077
13030340606
13030376151
13030661945
13030715276
13030879790
13030881578
13031302979
13031343702
13031398326
13031659048
13031729513
13031783516
13032047939
13032064189
13032145567
13032413035
13032465488
13032484132
13032496035
13032561783
13032812152
13032903576
13032962953
13033024520
13033773464
13033797327
13033899834
13034312040
13034703540
13035065214
13035470872
13035735504
13035831817
13036194748
13036209145
13036394898
13036468883
13036563165
13036567945
13036745295
13037150321
13037171890
13037172112
13037183373
13037321146
13037598110
13037611396
13037624421
13038096542
13038506037
13038581370
13038700664
13038727068
13038744600
13039011297
13039087008
13039096768
13039133020
13039368083
13039403072
13039493695
13039766624
13040190750
1304029818
13040310750
13040547379
13040669113
13041277090
13042010431
13042047800
13042607789
13042609668
13042644877
13042651461
13042674828
13042897111
13043034390
13043431122
13043595189
13043706195
13044072988
13044299274
13044384606
13044542889
13044593928
13045144799
13045356004
13045447411
1304561932
13045853935
13045862191
13046010122
13046016372
13046063371
13046103426
13046256881
13046625006
13047065453
13047068267
13047072959
13047903325
13048233152
13048242208
13048343984
130483800
13048519189
13048960269
13049029855
13049031528
13049196242
13049249828
13049278429
13049288804
13049484189
13049683861
13049807912
13050111966
13051118823
13051151396
13051280064
13051527982
13051560083
13051716594
13051749838
13051751173
13051816056
13051825170
13051858219
13051964743
13052005157
13052023426
13052810024
13053060936
13053092652
13053132130
13053581591
13053868316
13054145332
13054261822
13054331118
13054360546
13054505927
13054532659
13054727957
13054836166
13055228516
13055329446
13055400906
13055492879
13055553209
13055596053
13055686535
13055754159
13055836842
13056051217
13056075506
13056080141
13056233235
13056237221
13056247767
13057259778
13057457825
13057550086
13058262987
13058391609
13058462690
13058465200
13059087573
13059126087
13059213372
13059247903
13059266729
13059409102
13059702335
13059806968
13059905119
13060021618
13060022869
13060042833
13060086547
13060241684
13060245702
13060377349
13060379739
13060385286
13060508576
13060576050
13060585820
13060658441
13061016088
13061363873
13061685459
13061723109
1306225313
13062268053
13062350380
13062974397
13063059012
13063073313
13063154551
13063167382
13063624918
13063820915
13063831022
13064459921
13064726348
13064754985
13064762020
13064976761
13065138596
13065817213
13065862757
13065865010
13065891106
13066019692
13066189385
13066321661
13066685106
13066755928
13066789313
13066972625
13067260619
13067273649
13067301056
13067377071
13067499446
13067508825
13067536203
13067598261
13068149149
13068275160
13068738266
13068913308
13069215029
13069308683
13069323955
13069369669
13069475522
13069529573
13069536669
13069689333
13069951368
13070060355
13070093517
13070102505
13070125320
13070435184
13070477000
13070620725
13070647771
13070733665
13070757166
13070898903
13071039395
13071056411
13071057531
13071089287
13071185351
13071235647
13071251323
13071291170
13071293585
13071476177
13071481482
13071515096
13071733109
13072023253
13072190616
13072747123
13072836085
13072877136
13072942715
13073001769
13073079447
13073299729
13074069120
13074379101
13074739419
13074739749
13074739810
13074852992
13074861997
13075093834
13075203825
13075380807
13075414496
13075633575
13075814887
13075975168
13075989714
13076036846
13076038385
13076155531
13076205488
13076238422
13076247901
13076431076
13076501558
13076541455
13076557753
13076666165
13076707777
13076766065
13076877067
13077195864
13077407283
13077515039
13077553340
13077847393
13077872825
13077888111
13077987762
13078206593
13078430229
13078434828
13078502038
13078667246
13078716289
13078750393
13078818731
13079059002
13079220503
13079260539
13079605261
13079683746
13079689945
13079777978
13080016568
13080096693
13080630346
13080713288
13080785576
13080867815
13081033721
13081058959
13081084650
13081359250
13081428030
13081896867
13081920513
13082068904
13082152010
13082198112
13082363277
13082675520
13082701250
13082734451
13082796023
13082803120
13083010825
13083050000
13083258719
13083423983
13083683639
13083795332
13084122333
13084725815
13084734491
13084951431
13085758261
13085853441
13086173767
13086276201
13086713565
13086718858
13086831508
13086895057
13087048182
13087278957
13087337028
13087344938
13087472577
13087779083
13087824299
13088031681
13088262617
13088534939
13088777508
13089129925
13089323322
13089325211
13089411546
13089432480
13089441690
13089567454
13089591179
13089837090
13091034497
13091229998
13091405766
13091537613
13091808560
13092020309
13092160247
13092558872
13092791238
13092813662
13092826111
13093084018
13093603579
13093802045
13093807634
13094005256
13094040252
13094457456
13094474657
13094851371
13095022446
13095057260
13095183983
13096031111
13096170102
13096245060
13096749799
13096866062
13096957755
13096958585
13097013998
13097198328
13097564667
13097723298
13097990105
13098509682
13098769117
13098889325
13099061422
13099098170
13099470810
13099793987
13099800220
13099801200
13100035001
13100035002
13100134557
13100185612
13100602159
13100621372
13100629181
13100674881
13100876901
13100901675zhang
13100956379
13100968106
13101055257
13101057469
13101072860
13101231237
13101308643
13101372854
13101373076
13101401198
13101607686
13101638952
13101671886
13102022430
13102079101
13102102795
13102122911
13102131020
13102171520
13102184002
13102230255
13102283712
13102321092
13102855270
13103044911
13103055802
13103363350
13103519986
13103757619
13103791400
13103814735
13103959710
13103979892
13104041668
13104211505
13104487163
13104525905
13104555368
13104607557
13104607889
13104615775
13104867884
13105111399
13105165609
13105202910
13105522977
13105972871
13105975735
13106034526
13106540517
13106571300
13106670970
13107001489
13107162843
13107230110
13107236788
13107252611
13107348226
13107505561
13107570535
13107617061
13108168663
13108182101
13108266141
13108286916
13108551969
13109007497
13109019180
13109136099
13109506913
13109603362
13109690551
13109756166
13109792322
13109850588
13109870371
13109881236
13109907007
13110016538
13110032100
13110065911
13110182837
13110235585
13110429092
13110445989
13110703275
1311077529
13110775292
13111055960
13111119437
13111151785
13111231371
13111398867
13111530503
13111565838
13112008306
13112011462
13112078720
13112114900
13112150332
13112161285
13112165485
13112669142
13112904607
13113263879
13113453573
13113680307
13113690522
13113776691
13114130786
1311431547
13114367910
13114371148
13114900856
13115228982
13115766540
13116068368
13116071130
13116075226
13116120739
13116663221
13116759315
1311725300
13117278763
13117514523
1311784809
13118219181
13118624593
13118626653
13118770213
13119102502
13119147518
13119178850
13119189283
13119192048
13119207333
13119308321
13119310087
13119665091
13119848325
13119930337
13119935099
13119938316
13119963697
13120039508
13120129911
13120205952
13120355500
13120437622
13120487443
13120501606
13120529799
13120533327
13120731319
13120755136
13121019814
13121049994
13121127939
13121169924
13121175552
13121215001
13121414009
13121435139
13121548693
13121961503
13122307782
13122320910
13122365895
13122377757
13122379160
13122882872
13122891795
13123216992
13123350180
13123359680
13123475357
13123811202
13123900716
13124009408
13124153335
13124621209
13124763728
13124835119
13124952124
13125025325
13125075781
13125094439
13125162846
13125331181
13125463515
13125557496
13125742433
13125779997
13125809828
13125813959
13125955356
13126040814
13126062650
13126095083
13126205807
13126491493
13126520771
13126560869
13126589078
13126619230
13126668686
13126808837
13126885652
13127102969
13127122329
13127138916
13127216981
13127255299
13127553701
13127832935
13127898836
13127931889
13128596739
13128691706
13128753961
13128812527
13128920826
13129157436
13129202164
13129326791
13129559552
13129567256
13130100505
13130486660
13131152888
13131195168
13131388050
13131425367
13131601376
13131627316
13132105629
13132108355
13132126139
13132215781
13132232022
13132244426
13132859208
1313311
13133136655
13133743994
13133808687
13133808705
13133815103
13133881713
13134290364
13134475839
13134479793
13134535719
13135075332
13135217740
13135519596
13135521813
13135565304
13135728295
13135891940
13136093262
13136252100
13136318011
13136490002
13136633921
13136657871
13136916741
13137118603
13137121327
13137154392
13137738512
13137853326
13137870892
13137925958
13138532635
13138554750
13138569767
13139507079
13139672895
13139870010
13139915822
13139916659
13140167650
13140218463
13140616182
13140616898
13140626763
13141109306
13141197921
13141325383
13141351960
13141399669
13141455526
13141606703
13141914048
13141940642
13142065460
13142101421
13142204280
13142228272
13142242487
13142370523
13142394146
13142408401
13142491540
13143128819
13143166937
13143300254
13143350220
13143470773
13143509405
13143573427
13143603282
13143608626
13143722865
13143762152
13144054709
13144100710
13144117140
13144189509
13144455350
13144731515
13145545607
13145809103
13145980913
13146002144
13146038601
13146069212
13146097759
13146159826
13146174089
13146244296
13146337832
13146525172
13146566845
13146728041
13146851349
13146933587
13147002160
13147006615
13147172383
13147643509
13147713247
13147793818
13147860591
13147973349
13148160313
13148352074
13148368234
13148425484
13148465091
13148728192
13148795830
13148939775
13149053393
13149058672
13149370869
13150229869
13150325566
13150359988
13150521218
13150919708
13150987870
13150992361
13151053201
13151069720
13151190797
13151271067
13151593833
13151771819
13152013361
13152029558
13152163675
13152447238
13152457963
13152603188
13152723199
13153015196
13153136313
13153149078
13153168171
13153192251
13153212372
13153251847
13153260301
13153286899
13153404515
13154131987
13154179055
13154377596
13154390207
13154906667
13154926708
13155013020
13155130290
13155230952
13155233517
13155488030
13155801510
13155838987
13156084947
13156140625
13156241583
13156263687
13156271789
13156609820
13156658807
13156727930
13156789976
13156925625
13156978288
13157299900
13158415630
13158460019
13158460706
13158509378
13158752112
13158782830
13158790618
13158806677
13158862865
13158915920
13159202922
13159294950
13159359907
13159421775
13159476989
13159557191
13159740247
13159755249
13159774829
13159796677
13159871622
13159893601
13160171711
13160178303
13160396210
13160580386
13160604340
13160652439
13160670429
13161008055
13161138030
13161309172
13161357716
13161359214
13161626416
13161683132
13162005209
13162050089
13162389859
13162586026
13162698257
13162900660
13162948563
13163063567
13163076200
13163122737
13163125071
13163159529
13163250913
13163308283
13163343147
13163361615
13163379113
13163380125
13163539983
13163562522
13163671961
13163719278
13163907881
13164141176
13164283904
13164302981
13164366181
13164426276
13164501496
13164505565
13164540798
13164843124
13164950090
13164962756
13165006326
13165086188
13165155616
13165170439
13165172688
13165556557
13165638259
13166008391
13166316596
13166398609
13166524547
13166556578
13166571633
13166862040
13166894991
13167023776
13167026337
13167076936
13167152972
13167313761
13168150967
13168230109
13168276082
13168541906
13168547520
13168661226
13168756994
13168881981
13169112839
13169585643
13169637292
13169682182
13169701520
13170068589
13170405158
13170494992
13170593773
13170611581
13170918367
13171002873
13171169478
13171251184
13171253470
13171275299
13171293889
13171295136
13171631438
13171639134
13171696183
13172247359
13172531894
1317262724
13172759398
13172891358
13173000761
13173118585
13173183938
13173299051
13173474018
13173662645
13174060101
13174194767
13174418883
13174454605
13174559057
13174578728
13174621669
13174893721
1317519378
13175205278
13175212705
13175579509
13176171896
13176244628
13176451956
13177079423
13177124991
13177423959
13177446653
13177656077
13177761864
13177859443
13178038917
13178073785
13178231681
13178598501
13178916267
13178935035
13178976737
13179548280
13179561110
13179789099
13179804799
13180157678
13180483075
13180506878
13180726391
13180794059
13180980022
13181170898
13181236006
13181280707
13181605115
13181683316
13181686736
13181874872
13182687794
13182990100
13183577665
13183913023
13183968878
13184839388
13185120885
13185152223
13185251593
13185669841
13186066635
13186072937
13186108819
13186169692
13186897933
13187107946
13187134896
13187204752
13187721136
13188011495
13188013706
13188221706
13188436459
13188452101
13188532221
13188778309
13188780853
13189067307
13189182184
13189324111
13189356406
13189389813
13189486986
13189520997
13189682636
13189809882
13190016200
13190029432
13190278077
13191303969
13191506414
13191872557
13191882917
13192148433
13192210592
13192978864
13193035639
13193149870
13193316755
13193461088
1319354594
13193590422
13193947040
13193974108
13194100339
13194214577
13194284121
13194334355
13194590902
13194931172
13194999476
13195095010
13195784878
13196012566
13196044512
13196150622
13196986635
13198173202
13198252216
1319829623
13198328728
13198544506
13198562580
13198577909
13198610138
13198853771
13199169332
13199227448
13199456975
13199525531
13199839915
13199917195
13201170500
13201223653
13201240933
13201253037
13201280406
13201575379
13201612627
13201695392
13201740215
13201933043
13202176131
13202246739
13202318200
13202338901
13202357934
13202859248
13202977534
13202996966
13203009992
13203033900
13203068502
13203147695
13203157142
13203646700
13203800369
13203839372
13203868579
13203874776
13203888531
13203906349
13204115226
13204160705
13204845188
13205003953
13205518001
13205550502
13205600080
13205908334
13206001471
13206080703
13206091272
13206099164
13206188079
1320619701
13206690977
13207192157
13207291561
13207517591
13207607301
13207696505
13207811426
13207904516
13208033133
13208033184
13208350188
13208375009
13208431658
13208548389
13209403392
13209818142
13209898396
13209932126
13210046705
13210069620
13210198305
13210227766
13210255795
13210439916
13210456689
13210709876
13210968872
13211244239
13211293211
13211558565
1321155944
13211739907
13211757148
13211791907
13211796601
13212036200
13212088348
13212128987
13212546634
13212623482
13212625560
13212765472
13212801172
13213033392
13213058217
13213156323
13213172673
13213211973
13213229703
13213295513
13213330583
13213441518
13213501831
13213525681
13213526025
13213588976
13213670623
13213685785
13213705023
13213730646
13213773186
13213826315
13213921821
13214060785
13214172583
13214178476
13214201878
13214359908
13214427118
13214534772
13215000521
13215652600
13215734793
13215925741
13216172029
13216697889
13216908164
13217008698
13217112967
13217120355
13217126252
13217396177
13217505463
13217599306
13217602940
13217621695
13217748910
13217909320
13217999933
13218012205
13218342696
13218533603
13218581165
13219151111
13219666537
13219970696
13220263138
13220291523
13220690797
13220861673
13220927556
13221687974
13222018060
13222086923
13222087130
13222589015
13222598851
13222617613
13222703778
13222751279
13222767902
13222908719
13223193588
13223373199
13223519596
13224133110
13224678696
13225059408
13225176059
13225179606
13225264250
13225316762
13225338051
13225393531
13225531080
13225558297
13225610331
13225894837
13225912221
13226075752
13226329274
13226431409
13226468067
13226995080
13227029795
13228117625
13228252648
13228349360
13228386154
13228577041
13228708836
13229153751
13229557462
13229564145
13229789746
13229926061
13230008854
13230162718
13230279921
13230490889
13230751872
13230797888
13231065004
13231170932
13231220383
13231263229
13231389869
13231401796
13231473037
13231494577
13231526572
13231528473
13231660843
13231983867
13232112321
13232127469
13232169471
13232234723
13232315529
13232408890
13232472299
13233007967
13233050298
13233152206
13233253552
13233330377
13233576603
13233833384
13233981179
13233992325
13234310726
13234333350
13234895938
13235050660
13235143878
13235187197
13235369975
13235574202
13235998836
13236533808
13236786721
13236988218
13237103451
13237108050
13237159026
13237162285
13238000067
13238006791
13238059201
13238326521
13239669252
13239932057
13239934010
13240304741
13240324249
13240371904
13240727981
13241244880
13241303826
13241393570
13241568451
13241816884
13241884131
13242113147
13242386890
13242489031
13242549039
13242993899
13243166801
13243458981
13243620663
13243703793
13243756696
13244025993
13244246588
13244326091
13244479299
13244622563
13244704466
13244888315
13244922852
13245121017
13245322984
13246027139
13246050928
13246066849
13246302595
13246461917
13246830888
13246841058
13246844391
13246851032
13247084581
13247103019
13247130500
13247160257
13247372266
13247507393
13247800763
13248200761
13248214113
13248236920
13248402874
13248619459
13249118061
13249239811
13249281208
13249283417
13249737077
13249830813
13250030269
13250052488
13250252526
13250387868
13250449282
13250542374
13250738343
13251357225
13252195728
13252523166
13252683680
13252894180
13253312725
13253386507
13253430890
13253438563
13253458736
13253499836
13253520950
13253566783
13253596685
13253635578
13253683998
13253785429
13253820360
13253821203
13253877387
13253885294
13255001897
13255069756
13255324481
13255353146
13255417987
13255454869
13255460766
13255673001
13255836609
13255983121
13256111031
13256221626
13256237848
13256456782
13256660187
13256737160
13256739021
13256889537
13256974786
13257081497
13257628385
13257957621
13258339359
13258373387
13258411842
13258565696
13258690319
13258882054
13258913550
13259082099
13259192829
13259470630
13259727323
13259766645
13259789130
13260099706
13260180366
13260181396
13260308626
13260472601
13260517376
13260556845
13260562311
13260595176
13260656335
13260821392
13260920701
13260944421
13260973996
13261025087
13261055426
13261076921
13261108351
13261116672
13261312615
13261362888
13261571613
13261602615
13261639992
13261784532
13261786685
13261789821
13261813692
13262140171
13262522389
13262688993
13262752197
13262802330
13262866163
13262940036
13262991602
13263201179
13263286938
13263372113
13263566143
13263626168
13263662530
13263735532
13264160086
13264447306
13264559783
13264668832
13265000482
13265041716
13265068494
13265149102
13265241038
13265337860
13265347615
13265469472
13265488191
13265601035
13265626290
13265951401
13265974034
13265986392
13266124580
13266167026
13266237051
13266356488
13266597192
13266610392
13266730949
13267805161
13267887215
13267913077
13268082687
13268090553
13268120447
13268161029
13268262912
13268468789
13268585431
13268630866
13268773664
13268966270
13269289861
13269529526
13269711509
13270108098
13270215062
13270381390
13270817313
13270822771
13271206368
13271829382
13271897141
13271935830
13272333711
13272424888
13272672875
13272721639
13272732120
13272827216
13272832689
13272886391
13273204615
13273253437
13273343090
13273600501
13273753897
13273812830
13273838282
13273838667
13274104234
13274283491
13274371762
13274796907
13275215910
13275311589
13275439364
13275538895
13275558731
13275861612
13275999010
13276028390
13276058571
13276087646
13276200323
13276310785
13276323851
13276411366
13276422919
13276456842
13276609219
13276619931
13276749290
13276878947
13277190563
13277313455
13277569977
13277643303
13277738211
13277847300
13278301726
13278710671
13278862241
13278862435
13278967072
13279021766
13279336072
13279693337
13279927765
13280232717
13280616669
13280618065
13280755329
13280879879
13281200016
13281242202
13281653902
13282031582
13282163584
13282253419
13282684075
13282878690
13283305808
13283601539
13283766150
13283841252
13283913721
13283924252
13284241591
13284567515
13284619639
13284701980
13284997765
13284999397
13285989360
13286174807
13286176212
13286301445
13286373639
13286414879
13286710031
13286986004
13287369933
13287555529
13287562857
13287601086
13287758983
13287832322
13287997226
13288028545
13289339629
13289359802
13289377990
13289508637
13289548138
13289853163
13289881949
13289937710
13289956199
13290007603
13290184307
13290217012
13290680815
13290711609
13290890243
13290894326
13290902823
13290976577
13291297553
13291427418
13291481944
13291888641
13291896380
13292091231
13292110195
13292112776
1329255125
13292655825
13292789927
13292790527
13292881159
13293006291
13293022917
13293306395
13293463688
13293666286
13293795359
13293873368
13293881264
13293937681
13294033704
13294043393
13294049772
13294329567
13294345353
13294566008
13294720910
13294819009
13295011540
13295033555
13295061872
13295088992
13295097797
13295119990
13295156707
13295219928
13295717936
13295760226
13295927041
13295988333
13296023068
13296250822
13296323208
13296349297
13296458327
13296463821
13296549053
13296746280
13297096756
13297142258
13297186661
13297472004
13297497407
13297662023
13297691816
13297702520
13297829187
13297978778
13297982004
13298158786
13298200226
13298243513
13298250793
13298330959
13298390830
13298415295
13298699404
13298781032
13299609997
13299660885
13301074326
13301180732
13301351127
13301593053
13301607365
13301615553
13301712919
13301772688
13301963675
13301991267
13302083598
13302098628
13302100991
13302322938
13302838088
13302846693
13303108701
13303123842
13303150850
13303220885
13303222112
13303457466
13303966385
13303967856
13304307976
13304319157
13304765097
13304818086
13304927017
13305059870
13305080035
13305420175
13305474417
13305490886
13305639270
13306030695
13306046926
13306165772
13306360871
13306473730
13306901593
13307155597
13307180152
13307194269
13307313362
13307636357
13308012995
13308125185
13308209849
13308423832
13308548661
13308623853
13308677596
13308798388
13309013281
13309066819
13309134912
13309261511
13309270813
13309473363
13309619783
13309879595
13309903667
13309991509
13310557707
13310925877
13310939883
13311011630
13311081897
13311173155
13311513009
13311566822
13311661592
13312061021
13312107779
13312376233
13312505565
13312521351
13312973722
13313361467
13313380991
13313519387
13313706700
13313988958
13314164841
13314176655
13314350095
13314603603
13314707665
13314803636
13315097998
13315120525
13315171596
13315172972
13315196230
13315198760
13315340178
13315393624
13315557295
13315577621
13315860322
13315878845
13316009391
13316602299
13316736012
13316856243
13316885260
13317124548
13317321278
13317579905
13317663555
13317780874
13318009026
13318068721
13318251625
13318320680
13318339031
13318499522
13318687606
13318822815
13319006172
13319126682
13319140740
13319179665
13319241103
13319805564
13319808959
13319820029
13320114722
13320283469
13320397398
13320535360
13320593399
13320656069
13320795848
13320968727
13320999433
13321272093
13321294677
13321378260
13321550567
13321830806
13322208308
13322502732
13322717015
13322839308
13322865992
13322905238
13322909989
13323656544
13323796638
13323799652
13323834243
13323925990
13323958567
13324293255
13324536056
13324574037
13324623636
13325170618
13325560610
13325596791
13325761180
13325885055
13326166080
13326380938
13326653989
13326790191
13327010232
13327215363
13327581368
13327761308
13327916808
13327949509
13328022052
13328058679
13328236350
13328290896
13328780073
13329542712
13329652943
13329875187
13329938223
13330010106
13330223291
13330280306
13330380866
13330701166
13330722880
13330770372
13330987283
13330995205
13331105513
13331259388
13332063258
13332083879
13332110399
13332410237
13332434880
13332460047
13332712123
13332767861
13332826110
13333039903
13333060867
13333370058
13333393905
13333439772
13333464676
13333690507
13333745929
13333811592
13333881321
13333888850
13333959762
13335016195
13335334792
13335421892
13335582333
13335683830
13335779395
13335835666
13335847176
13336198103
13336368776
13336381152
13336420999
13337684701
13337863910
13337927559
13337946488
13338065599
13338107447
13338182980
13338400093
13338719113
13339204033
13339205800
13339425178
13339440021
13339449581
13339536123
13339617379
13339961997
13340184418
13340213644
13340343616
13340635020
13340732927
13341080644
13341436367
13342278637
13342713259
13342738197
13342827228
13343145003
13343210788
13343286594
13345009832
13345592940
13346721770
13347111783
13347180398
13347590603
13348015509
13348650660
13348700969
13348822742
13348856636
13348857966
13348921137
13349333933
13349872107
13349927008
13349989265
13350077867
13350135446
13350177018
13350329638
13350340321
13350364814
13350396313
13350430237
13350550084
13350593021
13350599352
13350857045
13350889929
13351338758
13351360557
13351396656
13351427377
13351618415
13352012190
13352062335
13352224217
13352262366
13352477948
13352481368
13352763232
13352917738
13353456532
13353614456
13353657606
13353977375
13353989575
13354085840
13354265535
13354631717
13354975998
13355027661
13355197976
13355252309
13355555362
13355753188
13356713677
13356752782
13356759400
13356776001
13356795573
13357149389
13357531162
13357786686
13358108100
13358275808
13358318506
13358338416
13358790609
13358900825
13358971678
13358999117
13359182479
13359295470
13359299568
13359355011
13359590031
13359636963
13359652498
13360009121
13360091236
13360163985
13360308726
13360418948
13360591733
13360991446
13361150580
13361330004
13361464367
13362131219
13362608813
13362660001
13362711672
13362807888
13362889280
13363008077
13363516515
13363531980
13363549982
13363575508
13363815500
13363883995
13363967872
13363970332
13364093701
13364102567
13365029966
13365384482
13365519298
13365525239
13365566750
13365628982
13365671396
13365920993
13366086686
13366164047
13366247001
13366358538
13366452518
13366452957
13366880331
13367276253
13367276686
13367473523
13367573053
13367636001
13368066336
13368096227
13368655805
13368773198
13368802042
13369190075
13369213331
13369697703
13369828426
13369831626
13369898126
13369909852
13369927337
13370125544
13370156386
13370393598
13370708008
13370750437
13370882787
13370986565
13371492798
13371501955
13371618249
13371691751
13371697751
13371722712
13372100702
13372163209
13372371212
13372993722
13373411743
13373511098
13373536281
13373663233
13373950367
13373974430
13375054005
13375252153
13375868230
13375883357
13375912672
13376196782
13377087808
13377223363
13377317355
13377501297
13377530798
13377657976
13377874942
13377887916
13377990520
13378057712
13378172145
13378288620
13378325016
13378370801
13378552369
13378558660
13378583281
13378720704
13378811537
13379051794
13379085446
13379115944
13379209935
13379340196
13379383659
13379437452
13379463617
13379549877
13379581758
13379718009
13379760703
13379829710
13379971879
13380304522
13380494788
13380949989
13381025669
13381213818
13381274193
13382796958
13383122316
13383497790
13383512061
13383779723
13383957290
13384029589
13384115587
13384442222
13384559080
13384732911
13384854441
13384864127
13384930491
13384954618
13384987932
13385153831
13385819849
13386082331
13387146002
13387359461
13387576662
13387596055
13387715054
13387905089
13387980667
13387981995
13388079155
13388124120
13388157350
13388275354
13388296644
13388478002
13388753242
13389250500
13389337079
13389435016
13390022799
13390163605
13390297911
13390563913
13390612058
13390759488
13390776367
13390822767
13390877418
13391272063
13391679245
13392250727
13392286736
13392330173
13392621792
13392728303
13392750320
13392820357
13392949809
13393025606
13393050905
13393136767
13393991305
13394166656
13394640062
13394694371
13394870425
13394897570
13394943677
13394991708
13395021151
13395191728
13395498511
13395502678
13395583786
13395772973
13395801191
13395959767
13396213299
13396301900
13396476070
13396568787
13396730726
13396840395
13396963019
13397080879
13397086663
13397308696
13397342682
13398225019
13398806700
13398812703
13398832163
13398937531
13399004243
13399021698
13399135287
13399217931
13399270163
13399299252
13399355152
13399687585
13399742952
13399851735
13399859623
13399899954
13399929085
13400025283
13400262570
13400390651
13400544336
13400575051
13400670057
13400708005
13400812375
13400916817
13400954340
13401014819
13401023711
13401031524
13401077392
13401120802
13401152138
13401303667
13401721349
13401880170
13401903373
13401938982
13402099890
13402263838
13402503043
13402514451
13402883163
13402934131
13403129333
13403201702
13403333940
13403485134
13403565969
13403690385
13403728154
13403749098
13403765751
13403795467
13404035949
13404186077
13404239973
13404258165
13404750616
13404802387
13404989014
13405041705
13405077825
13405262441
13405360229
13405520773
13405872658
13406071428
13406304576
13406666240
13406669945
13406679175
13406694610
13406759497
13407142937
13407149656
13407308779
13407328434
13407339590
13407405275
13407543154
13407936916
13408198180
13408364502
13408380405
13408463793
13408468368
13408577758
13408645509
13408658212
13408836022
13408836364
13408950101
13409272083
13409280850
13409330156
13409511109
1340991181
13409960762
13409986016
13410084000
13410358421
13410367268
13410528031
13410530035
13411040482
13411092650
13411144250
1341121687love
13411432166
13411695784
13411876842
13411955908
13411962129
13411976991
13411990960
13413049999
13413076008
13413158532
13413177066
13413183338
13413213127
13413533309
13413760275
13413876478
13413946411
13413954133
13413990084
13414195017
13414293046
13414450015
13414496921
13414573410
13414660280
13414856448
13414948170
13415039735
13415063708
13415107732
13415310210
13415560247
13415636696
13415676342
13416052519
13416116550
13416144536
13416172992
13416243200
13416263
13416290020
13416396218
13417025538
13417049760
13417052086
13417085367
13417161400
13417328486
13417667430
13417703969
13417765403
13418008100
13418128477
13418368497
13418651962
13418845783
13418959101
13419003082
13419003852
13419225646
13419449158
13419464011
13419540326
13419648958
13419973721
13420203817
13420451109
13420529846
13420567825
13420959820
13421000461
13421035117
13421062494
13421156657
13421246730
13421277539
13421372711
13421744771
13421879799
13421883996
13422065769
13422233421
13422418882
13422509907
13422615936
13422635553
13422677870
13422760926
13422777184
13422922228
13422963468
13423698678
13424068808
13424158934
13424177008
13424267254
13424286751
13424487064
13424555688
13424576074
13424667777
13424844567
13425051540
13425087017
13425097518
13425155380
13425156676
13425184183
13425251230
13425274149
13425521114
13425776382
13425829600
13426111818
13426121561
13426126399
13426129477
13426129549
13426138615
13426194083
13426239466
13426363470
13426411717
13426494420
13426576258
13426860625
13426881725
13426912019
13426967973
13427147303
13427161944
13427454313
13427550142
13427579294
13427697489
13428080793
13428097604
13428229707
13428238657
13428267736
13428274088
13428293163
13428337602
13428341205
13428685147
13428804460
13428829157
13428884031
13428944500
13429225173
13429810051
13429832094
13429882939
13429927515
13429974755
13430034477
13430082506
13430098915
13430329515
13430463433
13430536119
13430623584
13430732324
13431080570
13431322933
13431348497
13431826282
13431875055
13431989116
13432084735
13432609520
13432664829
13432748631
13432802498
13432847039
13433190208
13433312010
13433341769
13433480689
13433607861
