13433868552
13433887849
13433906665
13434168892
13434199401
13434603231
13434745279
13434895638
13435015886
13435329883
13435352639
13435418126
13435720293
13435935646
13436075332
13436132486
13436369005
13436497082
13436673376
13436864953
13437302500
1343768653
13437918976
13438099883
13438115795
13438138675
13438164471
13438197332
13438269640
13438329577
13438437059
13438471044
13438649760
13438665445
13438829773
13439185754
13439331233
13439377677
13439385051
13439501040
13439538836
13439999951
13440179546
13450009261
13450264291
13450383468
13450403722
13450439533
13450505534
13450802739
13450849670
13450896102
13450997824
13451278776
13451327926
13451365557
13451577789
13451883727
13451929686
13452049876
13452057942
13452348643
13452444625
13452569890
13452618626
13452871216
13452958356
13453135922
13453150918
13453168731
13453177848
13453214926
13453235628
13453389503
13453481328
13453565071
13453607664
13453612408
13453613058
13453725759
13453738007
13453900521
13453938000
13453947114
13453978636
13454686217
13454855534
13455260950
13455304407
13455332165
13455446115
13455582602
13455711255
13455828858
13455863010
13455868981
13455988322
13456855609
13456856559
13456893435
13456946001
13457200086
13457204505
13458000105
13458231310
13458242674
13458389831
13458454379
13458508920
13458572701
13458591794
13458682876
13458737695
13458774715
13458786537
13458873610
13458930128
13459065678
13459128409
13459149064
13459224723
13459411723
13459513537
13459781668
13460002297
13460022440
13460329989
13460588897
13460842734
13460872524
13461025260
13461199728
13461578879
13461692539
13461752766
13461791116
13461796786
13461810327
13461869017
13462338862
13462476001
13463533617
13463878893
13464446112
13464511288
13464661455
13464705746
13464812468
13464949221
13465113131
13465628738
13465682022
13465765006
13465894627
13466217773
13466265496
13466298287
13466303803
13466363674
13466515433
13466558051
13466598921
13466637176
13466666635
13466710879
13466805372
13466883942
13466922281
13467260657
13467710020
13467798464
13468155325
13468299862
13468686469
13468709092
13468797753
13468888035
13469023757
13469059191
13469254309
13469810853
13469992793
13470018167
13470022761
13470398814
13470424110
13470501400
13470531692
13470609009
13470748998
13471045046
13471496105
13471675134
13472139921
13472470388
13472507376
13472727332
13472855574
13472922079
13472977203
13473211973
13473340915
13473509520
13473550808
13473690799
13473879005
13474067745
13474222032
13474263888
13474285672
13474519905
13474694017
13474786303
13474808800
13474981715
13475252512
13475364210
13475500520
13475578021
13475588019
13475972391
13476015062
13476024915
13476056988
13476065735
13476114217
13476157936
13476178780
13476226221
13476483115
13476514241
13476549529
13476837019
13476992011
13477186390
13477366102
13477522354
13477545732
13477567686
13477734579
13478009461
13478010631
13478050633
13478121782
13478188042
13478555853
13478655669
13478790646
13478878842
13478893507
13478960167
13479490125
13479519970
13479583069
13479638713
13479819396
13479855865
13480210189
13480349471
13480506074
13480515174
13480540467
13480669981
13480814282
13481029872
13481128511
13481344340
13481444979
13481807066
13482097920
13482326380
13482366973
13482379233
13482423822
13482510714
13482715323
13483020838
13483092715
1348311695
13483341789
13483506721
13483529670
13483536488
13483917662
13484225357
13484275560
13484481099
13484492968
13484542723
13484707878
13484787608
13484968311
13485020739
13485061240
13485144966
13485309497
13485343732
13485364085
13485369025
13485372960
13485461690
13485539733
13486088177
13486192750
13486215333
13486438621
13486493775
13486553187
13486598847
13486610092
13486649483
13486672816
13486692431
13486899349
13486920660
13487256800
13487310232
13487319925
13487502111
13487736078
13487973916
13488011210
13488109620
13488113500
13488130273
13488302109
13488315918
13488327502
13488401666
13488428997
13488453345
13488454314
13488551730
13488661022
13488663922
13488684844
13488790205
13488882314
13489083728
13489140444
13500050866
13500155504
13500209927
13500258600
13500340209
13500520697
13500565733
13500670522
13500685367
13500813136
13500879013
13501001574
13501053210
13501097842
13501101531
13501103793
13501226335
13501241002
13501275163
13501323245
13501364785
13501415802
13501480741
13501510130
13501640644
13501805500
13501825811
13501875819
13501946981
13502172526
13502205543
13502223092
13502283966
13502478620
13502487688
13502807722
13502829195
13502887511
13502997747
13502998747
13503032053
13503050642
13503091345
13503106096
13503150241
13503158423
13503281502
13503293051
13503304280
13503312094
13503357770
13503374016
13503436835
13503485277
13503517900
13503625335
13503682917
13503705089
13503734617
13503840175
13503918192
13504333306
13504340910
13504434194
13504564344
13504607161
13504761106
13504789475
13504841211
13504882922
13504884984
13504953424
13504963406
13505180620
13505186324
13505192503
13505341177
13505356860
13505369865
13505478750
13505540686
13505559521
13505619535
13505728457
13505766922
13505838224
13505887403
13506011803
13506046125
13506109020
13506154556
13506191355
13506217699
13506289955
13506367300
13506528373
13506563936
13506817477
13506822734
13506986206
13507098856
13507111587
13507174873
13507313733
13507426652
13507435996
13507456675
13507491266
13507597710
13507713277
13507873996
13508041503
13508079297
13508080931
13508106917
13508112230
13508241014
13508340925
13508479724
13508489442
13508521893
13508548520
13508662578
13508679816
13508710374
13508732932
13508751130
13508801050
13508820188
13508844246
13509002778
13509049971
13509097579
13509357002
13509374023
13509411705
135094384
13509537201
13509772040
13509821259
13509830829
13509877075
13510060797
13510134514
13510149187
13510232491
13510258340
13510268069
13510299942
13510325599
13510407959
13510478508
13510553027
13510596413
13510644414
13510663349
13510707716
13510759250
13510840714
13510865227
13510909086
13510929423
13510955531
13511033952
13511088377
13511162997
13511243572
13511285633
13511359518
13511373280
13511439345
13511511542
13511605969
13511747822
13511846822
13511870023
13511886140
13511902128
13512015363
13512042762
13512082716
13512085323
13512092707
13512127348
13512177330
13512200563
13512205006
13512228537
13512255568
13512519272
13512545838
13512614838
13512672523
13512679907
13512709243
13512716169
13512720964
13512816997
13512826601
13512829320
13512861128
13512896038
13512944738
13512967225
13513140005
13513283858
13513401292
13513420882
13513431548
13513520032
13513562040
13513604752
13513634210
13513813215
13513921000
13514067973
13514115055
13514122627
13514332843
13514464981
13514512683
13514557717
13514576055
13514582063
13514620188
13514767190
13514820467
13514862337
13514893559
13515119297
13515218712
13515298230
13515466862
13515577465
13515604264
13515835238
13515905662
13515925095
13515927587
13516122753
13516198186
13516244052
13516263612
13516314040
13516359037
13516510529
13516566049
13516666664
13516775726
13516904800
13516984128
13517029430
13517153007
13517440078
13517454337
13517808150
13517886439
13518158906
13518190990
13518231948
13518509122
13518513893
13518520584
13518737552
13518760801
13518768537
13518796934
13518810256
13519006586
13519077352
13519107612
13519148953
13519150373
13519178097
13519248434
13519266880
13519318086
13519395900
13519411887
13519451975
13519528851
13519618556
13519751992
13519897261
13519899680
13519901090
13519902357
13519911040
13519947855
13519966016
13519979852
13520001983
13520070315
13520109702
13520207546
13520221297
13520273392
13520313009
13520329299
13520412121
13520422927
13520542407
13520639224
13520684250
13520723215
13520854956
13520903718
13521002435
13521071237
13521105060
13521516211
13521525830
13521542397
13521690328
13521725652
13521970346
13522029671
13522203296
13522238497
13522293622
13522351516
13522370322
13522666580
13522727992
13522736494
13522812174
13522924996
13522958161
13523038890
13523061747
13523065024
13523087230
13523308469
13523355873
13523433593
13523522518
13523550654
13523564974
13523867015
13524002554
13524042627
13524092252
13524312558
13524377728
13524421243
13524564232
13524587357
13524631950
13524637500
13524657890
13524837427
13524977574
13525022385
13525060929
13525076033
13525103058
13525120407
13525189847
13525192191
13525374321
13525379634
13525508360
13525511172
13525809050
13525912424
13526030474
13526130732
13526539283
13526594569
13526613015
13526652531
13526658132
13526765224
13526783678
13526810570
13526859737
13526879179
13526940473
13526979524
13526990757
13527004800
13527191291
13527243953
13527273001
13527312966
13527622016
13527682033
13527721624
13527981852
13528029151
13528400771
13528754495
13528893055
13529012276
13529029879
13529163297
13529199849
13529245045
13529261671
13529269310
13529290274
13529306625
13529320739
13529330172
13529335146
13529350870
13529365711
13529471112
13529700347
13529910944
13529936963
13529981679
13529983869
13530000319
13530004565
13530005020
13530166658
13530179232
13530194540
13530300493
13530454506
13530606564
13530687092
13530836230
13530923734
13530926862
13531206028
13531216629
13531410343
13531451605
13531569514
13531591841
13531608898
13531854777
13532157014
13532235504
13532249525
13532448619
13532535670
13532657272
13532684347
13532731792
13532886327
13533003299
13533099840
13533204646
13533320049
13533367293
13533379916
13533497202
13533508954
13533578347
13533635669
13533699142
13533749611
13533766448
13533768718
13533836705
13533919391
13533920029
13533965899
13533972639
13534196945
13534346729
13534376832
13534482122
13534500937
13534609511
13534635671
13534640886
13534800412
13534932068
13535019471
13535102606
13535180848
13535199828
13535271626
13535282696
13535373738
13535545828
13535578797
13535580912
13535694241
13535781211
13535990081
13536159848
13536229470
13536381489
13536974403
13537118758
13537151968
13537288874
13537366507
13537375128
13537475256
13537510505
13537568915
13537656247
13537671777
13537823532
13537908491
13537977929
13538045983
13538255563
13538910732
13539001430
13539059093
13539087685
1353912639
13539387874
13539834112
13539885361
13539951630
13539992372
13539995812
13539998851
13540005611
13540046997
13540060863
13540086178
13540090135
13540132060
13540279309
13540407657
13540413715
13540488730
13540502846
13540569301
13540629270
13540800393
13540810119
13540902560
13540929703
13540962369
13541036620
13541086221
13541206604
13541318523
13541358781
13541375007
13541751163
13541853770
13542004782
13542050634
13542062321
13542077191
13542854065
13542898360
13542966377
13543066175
13543171241
13543175903
13543202031
13543225539
13543313019
13543344988
13543643474
13543717545
13543778599
13543886997
13543920887
13543967954
13544040894
13544183681
13544374020
13544430401
13544505635
13544695918
13544794416
13544832425
13544906475
13544978343
13545063465
13545106602
13545197653
13545283713
13545321217
13545351006
13545369980
13545411968
13545447927
13545513737
13545658563
13545754187
13545773164
13545808006
13545882980
13545978384
13546139690
13546201314
13546221576
13546281142
13546302277
13546470845
13546520344
13546545201
13546714643
13546840720
13546993902
13547211050
13547232722
13547263888
13547660102
13547742120
13547765204
13547836959
13548003401
13548131413
13548139232
13548161324
13548182306
13548190772
13548205613
13548257874
13548303642
13548827356
13548923593
13549045597
13549144414
13549152727
13549280119
13549658950
13549719425
13549821930
13549827972
13549970374
13550069258
13550161783
13550359482
13550374245
13550448449
13550552662
13550612301
13550612879
13550810721
13550846761
13550854702
13551094714
13551165687
13551191212
13551193162
13551300073
13551345343
13551457656
13551505185
13551507057
13551535364
13551571697
13551624106
13551856710
13551924045
13551928409
13551969998
13552000053
13552000765
13552082524
13552112746
13552125239
13552145186
13552153156
13552217585
13552266801
13552449655
13552593180
13552682998
13552863603
13553078987
13553110513
13553127980
13553383493
13553490798
13553942060
13554025185
13554111198
13554210923
13554255853
13554275159
13554337280
13554383696
13554386563
13554402310
13554433902
13554511036
13554519597
13554545199
13554622019
13554652958
13554812871
13554937686
13554939623
13555025891
13555053916
13555118302
13555296908
13555497601
13555546414
13555718741
13555811417
13555856714
13555858970
1355590233
13555934560
13555983941
13556054601
13556060049
13556085692
13556418518
13556478558
13556663514
13556682532
13556899506
13557015822
13557023155
13557495685
13557715451
13557736333
13557861717
13557989515
13558274002
13558350728
13558379539
13558555807
13558580937
13558708370
13558712268
13558774056
13558828497
13558967674
13559081108
13559248649
13559377581
13559422020
13559442085
13559480566
13559492602
13559499594
13559813040
13560031273
13560048606
13560053280
13560054273
13560171614
13560197870
13560198481
13560302070
13560323212
13560363012
13560377647
13560377649
13560383123
13560414172
13560440193
13560445124
13560462379
13560473086
13560473113
13560474023
13560569815
13560627574
13560748178
13560761329
13560882696
13561575802
13561661740
13561772230
13561912915
13561918716
13562050829
13562107052
13562146432
13562348100
13562607852
13562728319
13562755900
13562978411
13563106802
13563253517
13563305380
13563312586
13563363396
13563380828
13563570657
13563978999
13564009010
13564041815
13564210310
13564237865
13564286040
13564292352
13564337099
13564399433
13564419449
13564552109
13564552991
13564597674
13564721196
13564856703
13564888913
13564970071
13564990894
13565237219
13565260004
13565270116
13565358562
13565406920
13565415033
13565482470
13565555953
13565635066
13565654600
13565706771
13565709683
13565805230
13565831147
13565832592
13565865365
13565914483
13565940078
13565943458
13565997723
13566036015
13566060018
13566077820
13566176048
13566198948
13566366599
13566416196
13566539879
13566568263
13566660717
13566788990
13566859668
13567026674
13567105586
13567133197
13567140913
13567193574
13567296569
13567620350
13567784495
13567858191
13568177582
13568219330
13568339322
13568385436
13568403105
13568459376
13568643918
13568851144
13568851762
13568968124
13569004022
13569021612
13569085918
13569167630
13569372371
13569395317
13569407021
13569574931
13569607702
13569610146
13569827155
13569856640
13569873770
13569879119
13569902351
13570110556
13570127643
13570207346
13570251696
13570254400
13570362437
13570467411
13570537643
13570544512
13570596113
13570609599
13570626727
13570746502
13570812786
13570837053
13570868208
13570915832
13570971342
13570977455
13571106386
13571210163
13571327218
13571387637
13571557668
13571561647
13571718912
13571757996
13571802458
13571834862
13571953578
13571967888
13571977853
13572023468
13572085996
13572243006
13572252555
13572290977
13572373830
13572379271
13572457448
13572469823
13572527362
13572592516
13572666352
13572671629
13572689015
13572765226
13572900998
13572952224
13572988467
13573155502
13573165798
13573177307
13573357737
13573391039
13573465405
13573605856
13573706081
13573713420
13573846558
13573849428
13574031655
13574073906
13574085539
13574149318
13574227949
13574229305
13574267639
13574290781
13574368897
13574473915
13574663617
13575011260
13575069303
13575140905
13575145147
13575452523
13575466964
13575551365
13575581699
13575719849
13575808300
13575839462
13575913119
13576023411
13576106684
13576108623
13576127830
13576236828
13576407700
13576664841
13576690260
13576861749
13576869498
13576946895
13576973659
13577065652
13577133601
13577232184
13577793288
13577885544
13577891114
13577951666
13578012908
13578033596
13578036869
13578136175
13578462713
13578626059
13578688339
13578781872
13578921807
13578966863
13578997171
13579007075
13579163307
13579187575
13579269490
13579273845
13579296508
13579332566
13579511693
13579565275
13579595051
13579834409
13579935679
13580110944
13580142407
13580158429
13580292865
13580304089
13580306035
13580318777
13580365622
13580390690
13580423837
13580428743
13580462082
13580467095
13580495032
13580503480
13580521116
13580535920
13580535942
13580548577
13580554604
13580648771
13580734351
13580792800
13580795552
13580819296
13580881191
13581102805
13581302399
13581340210
13581451583
13581529026
13581530069
13581531885
13581543399
13581577356
13581578086
13581587764
13581658996
13581672519
13581698877
13581702985
13581703063
13581703985
13581716079
13581732927
13581762267
13581803799
13581839758
13581873384
13581913085
13581931679
13581938026
13581949559
13581953064
13581956009
13581970393
13581983558
13581986620
13582276718
13582408982
13582513852
13582588537
13582638561
13582694677
13582895605
13583108273
13583115785
13583220156
13583261008
13583273050
13583319382
13583322807
13583360160
13583367297
13583388608
13583480390
13583495526
13583539563
13583571973
13583579425
13583581785
13583593357
13583862132
13583922178
13584006542
13584188090
13584253912
13584374890
13584376095
13584531885
13584560905
13584766888
13584797681
13584802869
13584806020
13584828919
13584908849
13585029006
13585069203
13585105811
13585130708
13585196353
13585225033
13585231735
13585333615
13585543711
13585543729
13585584197
13585634031
13585637202
13585721527
1358575217z
13585753819
13585763685
13585772271
13585779829
13585781521
13585863633
13585984226
13586037422
13586093821
13586415720
13586536772
13586544716
13586597924
13586677163
13586865990
13586880446
13587050239
13587247620
13587278014
13587299524
13587359531
13587525915
13587606647
13587656030
13587701088
13587769663
13587823286
13587828814
13587869990
13588002193
13588054340
13588086516
13588125219
13588177323
13588201789
13588202948
13588212760
13588234849
13588257973
13588281968
13588302337
13588383806
13588423099
13588479653
13588507996
13588620729
13588819929
13588837692
13588979044
13588980858
13589149623
13589196738
13589208275
13589269996
13589464256
13589512908
13589520661
13589646316
13589980898
13590003671
13590041279
13590044912
13590104029
13590114139
13590222406
13590250359
13590256315
13590269001
13590280403
13590360873
13590367979
13590377977
13590478290
13590484434
13590495053
13590561459
13590570100
13590583246
13590633093
13590666862
13590694015
13591008400
13591106628
13591134181
13591191336
13591366974
13591476777
13591521886
13591603306
13591659426
13591689181
13591724216
13591742097
13591778663
13591826932
13591851029
13592001565
13592503890
13592530961
13592560185
13592572267
13592602071
13592615602
13592652273
13592818838
13592823417
13592861862
13593152278
13593338366
13593344276
13593369719
13593435558
13593478147
13593555775
13593701979
13593717237
13593747894
13593836317
13593889081
13593916627
13593949366
13593999040
13594001281
13594026582
13594036857
13594058840
13594118009
13594150168
13594155631
13594172104
13594173899
13594178055
13594285452
13594286165
13594345923
13594380829
13594429451
13594453974
13594462862
13594638041
13594650560
13594676873
13594708150
13594772271
13595046150
13595295114
13595392070
13595397395
13595476385
13595572740
13595682652
13595961900
13596029518
13596031979
13596083079
13596091994
13596102472
13596272500
13596353681
13596575073
13596581286
13596637076
13596776782
13596808219
13596906067
13597009152
13597650654
13597832117
13598062061
13598184669
13598289910
13598400938
13598407972
13598527816
13598739414
13598861566
13598943662
13599045834
13599067775
13599395356
13599469562
13599471143
13599489268
13599595253
13599607808
13599874362
13599875489
13599952011
13599991214
13600031137
13600080943
13600112326
13600140774
13600172312
13600253922
13600272201
13600385508
13600533150
13600587590
13600625096
13600678931
13600746368
13600838077
13600889912
13600911980
13600926378
13600972451
1360101579
13601035810
13601162825
13601199615
13601211648
13601213641
13601309308
13601335359
13601385841
13601386008
13601387363
13601396698
13601465517
13601559033
13601627653
13601636673
13601644663
13601673417
13601673873
13601680407
13601767758
13601786735
13601817120
13601981696
13601999815
13602012021
13602016587
13602072400
13602190956
13602302301
13602380463
13602408835
13602429276
13602456765
13602677097
13602688262
13603005062
13603012556
13603029659
13603317920
13603434439
13603456213
13603513453
13603523285
13603596204
13603656370
13603732243
13603878276
13603908342
13603920218
13604051281
13604077353
13604078420
13604099562
13604254903
13604306615
13604375527
13604377318
13604491760
13604637068
13604637908
13604769027
13605148284
13605155074
13605163959
13605169265
13605195840
13605210896
13605228975
13605385976
13605770647
13605899638
13606122341
13606171332
13606171910
13606172439
13606770777
13606901742
13606939056
13607016694
13607154400
13607192665
13607310097
13607333230
13607442241
13607449980
13607539849
13607602752
13607739617
13608001686
13608055973
13608070533
13608098510
13608396026
13608661450
13608805164
13608805381
13608832291
13608913572
13609054441
13609069287
13609168067
13609192442
13609324656
13609336662
13609378668
13609384018
13609525817
13609531493
13609549129
13609714704
13609807723
13609817566
13609855711
13609949887
13609972272
13610014713
13610049750
13610159284
13610161340
13610272193
13610350619
13610424673
13610510770
13610619492
13610626992
13610633767
13610651159
13610678988
13610759498
13610784910
13610858543
13610858687
13610918468
13610966822
13611029597
13611106904
13611128385
13611275598
13611291786
13611297301
13611306885
13611385770
13611395521
13611412950
13611435864
13611549415
13611551452
13611681901
13611735693
13611736372
13611740855
13611766716
13611767118
13611788330
13611796262
13611809780
13611835165
13611935651
13611969547
13612004604
13612105034
13612108922
13612156071
13612308631
13612391466
13612558116
13612665863
13612739568
13612909200
13612956946
13612992858
13612996263
13612999931
13613017706
13613134484
13613219134
13613327392
13613342483
13613367180
13613378080
13613412862
13613608239
13613619338
13613660544
13613661895
13613807016
13613897992
13613934883
13613950932
13613978103
13614090325
13614149792
13614163728
13614292871
13614455853
13614548467
13614777786
13614814308
13614831879
13615098320
13615538705
13615601116
13615784306
13615855077
13615981919
13615984061
13616066631
13616183966
13616191719
13616244963
13616533343
13616613695
13616677936
13616783837
13616784389
13617010819
13617046870
13617090532
13617095518
13617119944
13617172825
13617538550
13617611359
13617693356
13617752661
13617758006
13617983901
13618007413
13618042861
13618061946
13618095388
13618296512
13618369530
13618375220
13618399482
13618448366
13618481990
13618669143
13618683956
13618697801
13619023854
13619084981
13619114025
13619178706
13619236820
13619280395
13619287697
13619320707
13619323509
13619464647
13619550039
13619562631
13619576240
13619580221
13619811111
13619824260
13619911376
13619924398
13619979369
13620001734
13620051069
13620282099
13620392694
13620827222
13620915991
13621030309
13621069807
13621076925
13621159144
13621238615
13621258184
13621426676
13621474813
13621675055
13621684738
13621809675
13621816530
13621980335
13621994232
13622018849
13622202484
13622212283
13622282443
13622299679
13622326150
13622509009
13622530666
13622621584
13622870530
13622884234
13622923038
13622967311
13623028665
13623107134
13623263060
13623387973
13623718808
13623763562
13623777768
13623807681
13623818611
13623826337
13623866477
13623871234
13623873765
13624103631
13624112833
13624119845
13624219409
13624266227
13624290813
13624577833
13624603026
13624675952
13624721363
13624724643
13624945120
13624973353
13625027645
13625054191
13625095382
13625113661
13625161285
13625174510
13625186622
13625412910
13625451828
13625541371
13625670910
13625698250
13625719562
13625729067
13625815758
13625835660
13625940110
13626055653
13626079119
13626151104
13626186938
13626191170
13626220081
13626235034
13626367763
13626436748
13626441106
13626756956
13626866363
13626906183
13626963757
13626971357
13627015264
13627111196
13627242293
13627361092
13627701243
13627713767
13627736396
13627745186
13627914816
13627915725
13627918639
13628067151
13628360794
13628362922
13628519620
13628578249
13628633847
13628750888
13628769491
13629020740
13629026011
13629085482
13629278869
13629316486
13629412300
13629425200
13629440143
13629447768
13629631668
13629761293
13629797921
13629915129
13629955928
13629971440
13629976348
13630117263
13630138902
13630203433
13630203818
13630234236
13630300796
13630470377
13630585898
13630608272
13630671128
13630878863
13630897872
13630966912
13631018284
13631073751
13631162673
13631195396
13631204407
13631206227
13631206456
13631229229
13631260700
13631279615
13631345326
13631351217
13631374397
13631382846
13631386398
13631425614
13631466093
13631510856
13631589833
13631651638
13631708023
13631724723
13631726455
13631762758
13631787140
13631832199
13631880216
13631973127
13632113152
13632274620
13632307614
13632315911
13632488524
13632502039
13632563796
13632580025
13632605766
13632625241
13632679741
13632792249
13632848860
13632850644
13632906577
13632961528
13633081300
13633168161
13633205030
13633210688
13633270965
13633317082
13633450673
13633517304
13633538914
13633600673
13633629293
13633629727
13633717531
13633803827
13633875315
13633902952
13634092709
13634157011
13634171642
13634277394
13634305637
13634318401
13634520843
13634716571
13634719937
13634748688
13634870686
13634886162
13635142656
13635185747
13635255003
13635365175
13635663587
13635710339
13635720091
13635724911
13635795391
13635934233
13635950924
13636050071
13636093487
13636115510
13636187078
13636253001
13636258914
13636321379
13636470361
13636500351
13636549871
13636591381
13636612599
13636663370
13636673894
13636819732
13636881033
13636882721
13636909281
13636995757
13637033427
13637055715
13637146987
13637169668
13637211113
13637216895
13637343281
13637368447
13637404883
13637415133
13637565807
13637790051
13637862492
13637871462
13637933870
13637935853
13637945392
13638029338
13638123530
13638295301
13638410407
13638490121
13638594472
13638610381
13638616387
13638667894
13638677902
13638725430
13638740319
13638802617
13638811083
13638824626
13638859617
13639023186
13639269315
13639280879
13639311944
13639450786
13639520727
13639727008
13639769695
13639782530
13639846807
13639919684
13639921379
13639948480
13639993056
13640006606
13640210301
13640302811
13640528315
13640556661
13640593425
13640705608
13640875923
13640917658
13640946312
13640954073
13640994424
13641059205
13641275408
13641611845
13641617272
13641627260
13641771879
13641775260
13641918038
13641950024
13641971001
13642067295
13642147113
13642220564
13642247367
13642253314
13642310107
13642515393
13642649556
13642675071
13642755452
13643018704
13643106856
13643167323
13643439553
13643691632
13643708747
13643788957
13643855700
13644226518
13644227436
13644281672
13644374839
13644553267
13644601943
13644616790
13644664007
13644783269
13644791410
13644820237
13644912299
13644979046
13645135770
13645155992
13645162419
13645165062
13645206337
13645518467
13645642797
13645702684
13646018004
13646028032
13646107300
13646301375
13646369825
13646466861
13646838307
13646862794
13647035603
13647093935
13647167058
13647202022
13647270478
13647331711
13647409001
13647627372
13647638004
13647638863
13647647178
13647829556
13648016202
13648066854
13648201686
13648315220
13648638531
13648800204
13648810655
13648825771
13649054853
13649099362
13649233564
13649267236
13649274580
13649282448
13649316881
13649318630
13649319316
1364933668
13649505075
13649509112
13649528702
13649610898
13649696542
13649915444
13650267651
13650306967
13650378745
13650418274
13650469447
13650517927
13650575260
13650590953
13650704173
13650773661
13650936406
13650959988
13650987735
13651021847
13651138459
13651154033
13651175317
13651221092
13651241678
13651286598
13651338463
13651371841
13651391051
13651489051
13651542455
13651587237
13651608529
13651757740
13651765389
13651793745
13651811049
13651813645
13651840326
13651936666
13651941426
13651964048
13651965427
13652027579
13652058359
13652119333
13652120001
13652190379
13652408550
13652500652
13652749974
13652801534
13653209936
13653251420
13653412060
13653538878
13653686275
13653833126
13653834339
13653842450
13653887999
13653989521
13654129440
13654239395
13654302877
13654379129
13654429452
13654553195
13654558078
13654652591
13654959796
13655058355
13655119908
13655221994
13655281882
13655397343
13655457612
13655461966
13655480567
13655573081
13655578795
13655599645
13655673022
13655890873
13655908435
13655931220
13656020254
13656153451
13656219592
13656231436
13656264518
13656310537
13656316835
13656377693
13656588142
13656617323
13656632423
13656635385
13656652966
13656683809
13656813052
13656872014
13656900226
13657222110
13657243882
13657277229
13657291768
13657365162
13657604308
13657619388
13657723549
13657785752
13657945841
13658108716
13658137635
13658184540
13658266188
13658317440
13658354499
13658438067
13658567845
13658765162
13658868276
13658897411
13658898227
13659049227
13659089241
13659157300
13659286187
13659313031
13659363078
13659636964
13659788390
13659830960
13659831713
13659895940
13659949964
13659980105
13660154360
13660285602
13660492359
13660497943
13660550773
13660651709
13661004471
13661024806
13661071714
13661130803
13661159092
13661168810
13661349772
13661350923
13661469314
13661544140
13661652852
13661672347
13661708010
13661748518
13661903925
13661914230
13661959094
13662041816
13662053681
13662094929
13662113327
13662115957
13662125595
13662173354
13662200986
13662298279
13662521776
13662603369
13662695945
13662777885
13662865053
13662903419
13663011340
13663031375
13663063603
13663238125
13663249504
13663344323
13663476168
13663485268
13663524049
13663548661
13663598486
13663640205
13663643871
13663763350
13663956510
13663988366
13664030499
13664070146
13664072554
13664126138
13664131076
13664180829
13664298310
13664321190
13664338050
13664437532
13664457207
13664463262
13664565942
13664571699
13664620725
13664636313
13664693935
13664727281
13664732856
13664739345
13664815511
13664850657
13664994318
13665020617
13665043896
13665253155
13665332985
13665515178
13665618206
13665719794
13665751127
13665880750
13665966467
13666048110
13666235739
13666382685
13666428766
13666613482
13666637766
13666650851
13666658820
13666774666
13666826360
13666828250
13666854176
13666919240
13666935441
13666988576
13667008056
13667087396
13667225713
13667265177
13667290308
13667299460
13667306345
1366736485
13667366959
13667371210
13667536000
13667536992
13667750700
13667878618
13667902621
13668016561
13668088156
13668096991
13668102505
13668118490
13668157644
13668182494
13668215195
13668257568
13668299536
13668322130
13668429133
13668455631
13668505402
13668514033
13668660009
13668739005
13668791998
13668931821
13668933933
13669037510
13669073857
13669173306
13669186219
13669202530
13669387494
13669393379
13669771817
13669785665
13669901003
13669924508
13669962574
13669977867
13669981124
13670015439
13670133233
13670154331
13670275793
13670415973
13670526003
13670770021
13670791129
13670923352
13671000252
13671001909
13671185846
13671241439
13671328361
13671381367
13671466370
13671584356
13671593386
13671599601
13671613228
13671629249
13671646477
13671713609
13671767758
13671907441
13671996660
13672070570
13672088109
13672108258
13672125531
13672127845
13672133660
13672142947
13672161547
13672223980
13672442361
13672657757
13672697946
13672775182
13673047193
13673238647
13673313163
13673458070
13673475156
13673504920
13673623899
13673745376
13673795918
13673826033
13673862101
13673932226
13674221457
13674226063
13674231792
13674361988
13674516578
13674585668
13674631625
13674659585
13674754263
13674755349
13674791406
13674815041
13674891418
13674982353
13674983307
13675102418
13675230212
13675289288
13675380386
13675448466
13675558850
13675568533
13675762017
13675889195
13675985110
13676045455
13676103907
13676233841
13676361501
13676381186
13676449344
13676515739
13676529310
13676562652
13676627693
13676726296
13676957738
13677037756
13677088998
13677183448
13677204363
13677374775
13677509460
13677630255
13678100367
13678192661
13678334630
13678382306
13678386234
13678449792
13678452350
13678469986
13678519584
13678667112
13678754737
13678841650
13679071582
13679119319
13679120951
13679239107
13679263856
13679319891
13679365983
13679373703
13679446471
13679795277
13680031837
13680032402
13680329779
13680374226
13680606281
1368067947
13680848662
13680869170
13680999484
13681074869
13681189092
13681249417
13681305729
13681562303
13681626690
13681680289
13681763284
13681814996
13681825754
13681828479
13681863402
13681942003
13681957247
13681976611
13682049549
13682103199
13682192985
13682199898
13682223059
13682247722
13682281051
13682371993
13682488316
13682607270
13682769370
13682901920
13683014277
13683050272
13683059181
13683078737
13683086367
13683212044
13683364785
13683365697
13683367853
13683367899
13683452306
13683465665
13683483573
13683492192
13683558307
13683589028
13683608006
13683633375
13683683999
13683731468
13683862865
13684053581
13684172116
13684275056
13684292855
13684342569
13684543056
13684555327
13684558557
13684603657
13684641860
13684730411
13684740330
13684837431
13684989461
13685019151
13685075207
13685106134
13685219654
13685398060
13685421176
13685429129
13685513392
13685595472
13685717482
13685773963
13685779656
13685820377
13685826305
13686061322
13686166829
13686176082
13686612381
13686802722
13686830597
13686883962
13686902550
13687082877
13687088515
13687095119
13687113014
13687157577
13687241860
13687619286
13688004368
13688022871
13688101551
13688331527
13688364207
13688409610
13688472902
13688482224
13688605888
13688859966
13688886289
13688987701
13689034572
13689035245
13689041552
13689234822
13689343723
13689632286
13689691678
13689783789
13689810877
13689836277
13689842130
13689884312
13689916591
13689940575
13689973106
13690011671
13690177634
13690610567
13690754757
13690883410
13690920127
13690959122
13691035277
13691040951
13691070418
13691088715
13691112605
13691150225
13691166451
13691341473
13691363427
13691367132
13691424484
13691566254
13691587624
13691597273
13691612909
13691652769
13691694795
13691830136
13691981027
13692028364
13692030025
13692166811
13692538999
13692577657
13692616255
13692883866
13693014181
13693051363
13693057130
13693172922
13693238991
13693299071
13693359329
13693458202
13693502608
13693536613
13693558328
13693570199
13693728435
13693830143
13693855689
13693863939
13693881740
13693988506
13694143357
13694324188
13694594897
13694622333
13694676642
13694786748
13695150552
13695240739
13695262062
13695613160
13695733772
13696045290
13696049825
13696292737
13696353266
13696397968
13696403961
13696445336
13696710620
13696896944
13696903118
13696929507
13696987587
13697356312
13697461128
13697492125
13697700292
13698001196
13698014781
13698576681
13698630372
13698699986
13698744127
13698754185
13698781117
13698927292
13699010772
13699085299
13699213961
13699222602
13699278167
13699283474
13699284985
13699292396
13699335848
13699378947
13699403707
13699415033
13699453055
13699490939
13699502105
13699521886
13699545810
13699561367
13699627895
13699679411
13699685309
13699716087
13699764496
13699838926
13699905727
13699922815
13699970840
13699980223
13699995002
13700049117
13700108791
13700125478
13700175318
13700319158
13700511864
13700543898
13700551184
13700561401
13700610022
13700611846
13700678824
13700723806
13700852219
13700857803
13700957797
13701110402
13701132543
13701133316
13701225214
13701328298
13701330988
13701354926
13701360759
13701369484
13701370151
13701376119
13701451705
13701482740
13701612667
13701678510
13701753304
13701758261
13701812457
13701879275
13701888054
13701956830
13702020716
13702047439
13702131831
13702171899
13702199033
13702540832
13702584698
13702651879
13702862430
13702870128
13703012856
13703516292
13703559157
13703611770
13703726122
13703788297
