13703872591
13704193291
13704226494
13704327295
13704352285
13704357421
13704782403
13704824345
13705009263
13705094762
13705158316
13705260448
13705384771
13705583775
13705739734
13705955470
13706003196
13706052967
13706203281
13706227574
13706242701
13706295729
13706357717
13706388663
13706509934
13706588940
13706681062
13706759773
13706802568
13706822393
13707060855
13707081179
13707090312
13707091192
13707133321
13707244228
13707269094
13707371080
13707468127
13707480264
13707491580
13707497544
13707585112
13707601771
13707641129
13707689959
13707731664
13707999499
13708128256
13708233250
13708239672
13708340560
13708359002
13708428160
13708556125
13708633556
13708641111
13708641832
13708724929
13708731152
13708735843
13708759494
13708832777
13708852373
13708891711
13708909140
13708943509
13709021031
13709032752
13709155771
13709201201
13709204320
13709224477
13709259577
13709730852
13709780045
13709891970
13710033834
13710069047
13710220663
13710225423
13710227414
13710250831
13710256127
13710257609
13710380972
13710410875
13710417990
13710433345
13710456985
13710460289
13710505502
13710575506
13710621337
13710657063
13710681130
13710704123
13710756874
13710919553
13710963861
13711033682
13711048839
13711090843
13711168661
13711168758
13711180696
13711227131
13711248561
13711414350
13711443525
13711449163
13711532147
13711910144
13712037683
13712057377
13712057635
13712210626
13712364465
13712784530
13712860606
13712995885
13712995995
13713056828
13713248709
13713280677
13713319408
13713346011
13713358402
13713360229
13713400766
13713503213
13713650164
13713662074
13713707606
13713749867
13713872615
13713910772
13713932215
13714005369
13714011137
13714162905
13714202093
13714246313
13714251580
13714375080
13714413101
13714475796
13714478911
13714611275
13714653310
13714666959
13714748783
13714888634
13715003742
13715289589
13715527148
13715550535
13715746801
13715825788
13716037600
13716080299
13716148097
13716295901
13716300731
13716396972
13716433577
13716496539
13716648483
13716713664
13716713700
13716737616
13716768772
13716781277
13716849610
13716882582
13717013344
13717130974
13717191115
13717271893
13717541072
13717606573
13717782095
13717809633
13717863240
13717931929
13717972171
13718022933
13718023259
13718063234
13718079702
13718108307
13718156702
13718246541
13718264110
13718273791
13718481616
13718612517
13718739937
13718809934
13718818701
13718823364
13718853711
13718878360
13718897895
13718935519
13719001076
13719166538
13719178664
13719284236
13719338953
13719393456
13719471722
13719585004
13719594166
13719942032
13720017903
13720089103
13720089464
13720117514
13720150738
13720192058
13720260622
13720299209
13720357157
13720458565
13720569385
13720714131
13720766290
13720767294
13720919598
13721008705
13721048135
13721130936
13721200697
13721404060
13721423154
13721499219
13721624789
13721635433
13721731007
13721755162
13721983025
13721999866
13722096207
13722097701
13722163714
13722450090
13722664468
13722836545
13722840346
13722896612
13722961717
13722980147
13722985875
13723154187
13723166168
13723221363
13723312463
13723322086
13723376613
13723410083
13723490472
13723588086
13723775689
13723804833
13723808960
13723890403
13723908399
13723981856
13724432222
13724528471
13724540500
13724562324
13724844567
13724886277
13725006595
13725150811
13725158069
13725249924
13725295893
13725391939
13725475288
13725522390
13725543841
13725621571
13725702112
13725921838
13725967627
13725981843
13726006411
13726165564
13726194912
13726203704
13726220803
13726236509
13726258316
13726267052
13726299859
13726322890
13726351968
13726490449
13726512404
13726631021
13726655929
13726717223
13726778886
13726956116
13727035543
13727116770
13727230433
13727319871
13727772300
13727962350
13728050124
13728052057
13728059870
13728227820
13728279960
13728327550
13728524872
13728665927
13728716233
13728798865
13728881805
13728893775
13728907536
13728928620
1372892869
13729049106
13729270977
13729417363
13729529221
13729533250
13729589249
13729604363
13729730645
13729743121
13729874159
13729980630
13730068876
13730100215
13730104521
13730268079
13730506693
13730518858
13730527373
13730615083
13730664344
13730675569
13730685159
13730808099
13730843314
13730960923
13731029230
13731041694
13731109834
13731187715
13731199188
13731329454
13731716264
13731900921
13731905795
13732054827
13732176989
13732200760
13732204842
13732224090
13732234873
13732288492
13732339315
13732438646
13732487133
13732547668
13732568128
13732624585
13732677407
13732878936
13732900680
13732963403
13733010609
13733071006
13733146901
13733184109
13733189732
13733203120
13733379507
13733587886
13733644731
13733662125
13733706824
13733788425
13733791218
13733825956
13733849762
13734058120
13734282222
13734399526
13734409833
13734538690
13734539377
13734590507
13734657140
13734845562
13734920008
13734941515
13735060536
13735286090
13735307187
13735324446
13735358824
13735587541
13735667366
13735731285
13735760744
13735778286
13735812208
13735860603
13735875627
13735909017
13736002575
13736082573
13736151642
13736161562
13736184363
13736327900
13736453093
13736634434
13736722811
13736755719
13736876732
13736888195
13737087216
13737223266
13737233898
13737375598
13737440508
13737537358
13737877120
13737968966
13738022984
13738109195
13738142656
13738162563
13738165762
13738268988
13738630218
13738781330
13738829633
13738850781
13738941867
13738984885
13739190720
13739191908
13739216949
13739285099
13739454845
13739482642
13739491707
13739625215
13739708836
13739751157
13739798792
13739920510
13739921528
13739930817
13739936214
13739938627
1374370261
13750006021
13750055284
13750055859
13750074669
13750083835
13750095170
13750103066
13750106597
13750112605
13750252493
13750480528
13750532694
13750568013
13750572314
13750576559
13750583511
13750590272
13750846746
13750849466
13750882666
13750928835
13751010064
13751281877
13751330021
13751332408
13751341537
13751343651
13751357796
13751471405
13751599954
13751659402
13751746883
13751757582
13751766094
13751770791
13751780204
13751789372
13751804641
13751868062
13751881815
13751947982
13752119811
13752128256
13752151909
13752183064
13752305292
13752344534
13752362939
13752395208
13752541890
13752566797
13752632280
13752687640
13752716017
13752724994
13752749764
13752775560
13752828072
13752963964
13753014554
13753104723
13753113061
13753118776
13753166499
13753179592
13753183661
13753203043
13753215950
13753495909
13753507719
13753554463
13753564319
13753574761
13753620110
13753622532
13753633444
13753671248
13753683426
13753702657
13753775910
13753945216
13753957818
13754075422
13754106861
13754197752
13754224470
13754618173
13754806425
13754862253
13754865943
13754929895
13755009092
13755037197
13755041246
13755108461
13755116148
13755128795
13755239852
13755262554
13755291516
13755331685
13755438736
13755703914
13755711149
13755965482
13756006899
13756008507
13756071866
13756178807
13756291663
13756304026
13756309527
13756716442
13756826602
13756885587
13756908117
13757122669
13757190567
13757221481
13757222075
13757490595
13757541418
13757600713
13757639679
13757640571
13757682843
13757692502
13757724056
13757780028
13757827696
13757849067
13757999429
13758040648
13758098929
13758110871
13758126400
13758237250
13758256349
13758262736
13758347453
13758375753
13758711399
13758719605
13758799708
13758801238
13759037140
13759046572
13759062576
13759150034
13759151602
13759156291
13759495261
13759527561
13759568794
13759584673
13759589095
13759707019
13759796753
13759830984
13759899525
13759952755
13759988161
13760148175
13760165277
13760168119
13760195162
13760211894
13760246852
13760289563
13760440377
13760455725
13760478557
13760513774
13760656885
13760665652
13760702383
13760711283
13760716483
13760739868
13760830592
13760851645
13760894169
13760894780
13760994167
13761026996
13761091492
13761109625
13761211348
13761219582
13761285808
13761295038
13761353698
13761367074
13761432518
13761479905
13761526762
13761545300
13761555736
13761762434
13761793533
13761835557
13761838047
13761844284
13761855688
13761921757
13761982355
13762016954
13762124938
13762325593
13762351532
13762397528
13762462893
13762796377
13762964953
13763069031
13763100422
13763153377
13763300105
13763390791
13763396602
13763419013
13763436197
13763711785
13763864066
13763894121
13763960824
13764030052
13764083751
13764176477
13764193788
13764248895
13764307651
13764392635
13764418201
13764518141
13764540260
13764542325
13764635357
13764661011
13764672008
13764673805
13764862272
13764923052
13764945618
13764969311
13764971561
13765136745
13765159560
13765378691
13765534987
13765556755
13765663888
13765811360
13765915801
13766356539
13766550407
13766843199
13767009383
13767053125
13767067264
13767073750
13767095660
13767100343
13767100503
13767139424
13767193496
13767399249
13767409760
13767412345
13767884546
13767980257
13767982774
13768277260
13768530343
13768576168
13768589954
13768668583
13768690021
13768695895
13768874517
13768918658
13769009055
13769101618
13769162593
13769182559
13769201707
13769379265
13769410723
13769424252
13769801380
13769934676
13770084791
13770112112
13770117554
13770217370
13770399413
13770525659
13770558250
13770583134
13770598236
13770619670
13770716587
13770775225
13770776920
13770821870
13770883808
13770911851
13770924674
13771056626
13771102483
13771153000
13771216465
13771248589
13771265484
13771403374
13771523202
13771532793
13771710746
13771719979
13771916211
13772027864
13772029928
13772051715
13772070074
13772072970
13772154823
13772389285
13772437050
13772469151
13772524332
13772568628
13773042106
13773241230
13773276057
13773283003
13773289723
13773339271
13773391255
13773409303
13773433101
13773578833
13773818757
13774081686
13774191840
13774193211
13774241984
13774289866
13774336659
13774424711
13774436194
13774477365
13774514515
13774618086
13774894678
13774905151
13774952223
13775016842
13775052670
13775123092
13775211474
13775238740
13775279912
13775408906
13775481859
13775767860
13775926891
13776075373
13776228049
13776260976
13776266477
13776289449
13776388807
13776451224
13776500547
13776548210
13776578339
13776583756
13776607572
13776608357
13776642959
13776677154
13776790815
13776960600
13776982696
13777131671
13777140508
13777141550
13777211778
13777222713
13777467253
13777719412
13777753667
13777807649
13777812647
13777854482
13777973038
13778035501
13778054143
13778075950
13778180642
13778239286
13778338610
13778400909
13778468089
13778498503
13778515793
13778522086
13778603734
13779015847
13779060732
13779066626
13779130197
13779152528
13779215055
13779272046
13779308770
13779650493
13779709268
13779834664
13779958722
13779982552
13779990257
13779995688
13779997556
13780079751
13780088526
13780120111
13780121305
13780212170
13780315570
13780333440
13780493789
13780525327
13780606468
13780612316
13780625967
13780865033
13781015371
13781181920
13781273056
13781322373
13781413950
13781479393
13781519785
13781604517
13781661665
13781736555
13782016606
13782152156
13782183636
13782256011
13782362347
13782406003
13782500889
13782585370
13782685790
13782812881
13782850218
13782867367
13782995922
13783158864
13783267354
13783437262
13783452592
13783535734
13783536694
13783538070
13783548169
13783564261
13783605853
13783627095
13783630067
13783630638
13783683479
13783699090
13783854414
13783856353
13783866602
13783995750
13783997905
13784306694
13784344286
13784392762
13784545914
13784632245
13784638866
13784700054
13784960805
13784964114
13785091825
13785465396
13785542762
13785682970
13785748723
13785989580
13785997749
13786067624
13786082602
13786146486
13786231260
13786509766
13786515672
13786574206
13786591002
13786979751
13787096801
13787205321
13787224500
13787361359
13787409343
13787440269
13787586377
13787656990
13787710743
13787736058
13787783659
13787797497
13787850976
13787898401
13788137293
13788327025
13788416163
13788488343
13788804872
13788925955
13789306210
13789308339
13789351401
13789448442
13789510789
13789524653
13789611941
13789660967
13789736655
13789815259
13789890406
13790000697
13790077867
13790081500
13790135238
13790144571
13790198811
13790322322
13790373185
13790446645
13790518136
13790528855
13790550142
13790594574
13790638400
13790695794
13790872895
13790934831
13791055068
13791081791
13791095178
13791110002
13791114997
13791135351
13791261084
13791438577
13791530827
13791710135
13791932621
13792075721
13792095797
13792135014
13792208261
13792438750
13792717277
13792817194
13792831997
13792916367
13792931175
13793093066
13793298786
13793379252
13793399963
13793408861
13793678179
13793933339
13793966992
13794009356
13794095436
13794119385
13794122866
13794234276
13794280682
13794327206
13794401212
13794524247
13794671071
13794836006
13794877062
13794927712
13794998213
13795113308
13795131679
13795196368
13795397142
13795399815
13795481984
13795488930
13795757719
13795793209
13795956414
13796070953
13796100527
13796182630
13796318785
13796350843
13796533294
13796638353
13796715506
13796818337
13796963802
13796992683
13797003092
13797006839
13797045321
13797049076
13797052335
13797064796
13797160786
13797309117
13797334970
13797377819
13797391066
13797494043
13797536009
13797868388
13797890908
13797970120
13797993345
13798197051
13798203129
13798227116
13798232002
13798337714
13798379463
13798485045
13798491097
13798527218
13798884119
13798932529
13798934667
13798962791
13798969171
13798970937
13799292306
13799389832
13799701264
13799749690
13799809922
13799843301
13799931040
13799950132
13799966172
13801071918
13801081129
13801098734
13801103558
13801114245
13801338762
13801509019
13801580792
13801689866
13801863327
13802007311
13802015865
13802132306
13802299976
13802406615
13802461542
13802523317
13802685451
13802753311
13802793846
13802978831
13803005353
13803200533
13803230852
13803296439
13803405262
13803493436
13803515221
13803564624
13803600243
13803629857
13803638680
13803776645
13803815747
13804043837
13804087852
13804125580
13804169456
13804186638
13804201640
13804211635
13804212054
13804252047
13804287913
13804369539
13804404939
13804417851
13804530685
13804641426
13804712390
13804725322
13804728431
13804851767
13804864299
13804864576
13804890713
13804891234
13805040570
13805084324
13805097763
13805177257
13805208607
13805262175
13805303741
13805410281
13805525751
13805685798
13805767479
13805774073
13806177582
13806348331
13806365939
13806401382
13806506056
13806693978
13806719499
13806731528
13806850911
13806866593
13806999997
13807058764
13807063874
13807179316
13807203322
13807484390
13807675253
13807737242
13807984854
13807999079
13808007891
13808014557
13808034499
13808049264
13808053511
13808070497
13808077622
13808106222
13808151215
13808178095
13808321132
13808351780
13808454237
13808475815
13808487238
13808728300
13808755732
13808820916
13808821870
13808942693
13809106565
13809194841
13809312334
13809342008
13809582696
13809593658
13809639647
13809880890
13810001908
13810060217
13810084230
13810085058
13810090192
13810194772
13810201262
13810306377
13810315321
13810360759
13810363143
13810390810
13810404703
13810411875
13810534700
13810535087
13810546723
13810549956
13810595166
13810625012
13810636732
13810652633
13810654048
13810668071
13810674659
13810700653
13810739709
13810752554
13810758208
13810760543
13810767484
13810775931
13810777342
13810786396
13810794945
13810802040
13810815232
13810816941
13810831018
13810840782
13810870264
13810894780
13810919187
13810994800
13811032449
13811096725
13811125454
13811133677
13811135454
13811153045
13811173031
13811217215
13811221634
13811227073
13811229484
13811249811
13811270635
13811299228
13811302231
13811322513
13811340416
13811344223
13811352531
13811401101
13811419648
13811456266
13811477181
13811492518
13811524094
13811527072
13811529635
13811571565
13811608898
13811616407
13811653512
13811699420
13811706717
13811734337
13811763155
13811793828
13811799383
13811826352
13811901597
13812032062
13812066830
13812067600
13812081705
13812185127
13812185349
13812200823
13812286237
13812332779
13812348650
13812362541
13812663636
13812690101
13812702226
13812768452
13812920666
13812927078
13813018983
13813247037
13813285290
13813378604
13813412381
13813416034
13813456683
13813484452
13813488591
13813611800
13813722127
13813761056
13813841830
13813848081
13813938247
13813974367
13814003040
13814021851
13814121778
13814125009
13814131811
13814164430
13814175854
13814246541
13814367613
13814530198
13814715126
13814776609
13814805472
13814839460
13814868477
13815064902
13815092336
13815135590
13815232036
13815295417
13815399666
13815444524
13815570269
13815586981
13815799288
13815852203
13815865677
13815866520
13815954197
13815996849
13816018751
13816052274
13816084510
13816090621
13816202092
13816236336
13816267102
13816348749
13816359493
13816444460
13816497925
13816506045
13816578870
13816582026
13816626188
13816646994
13816681823
13816736028
13816744825
13816747235
13816758272
13816786305
13816793292
13816835421
13816945650
13817082017
13817099554
13817101417
13817168733
13817243246
13817282900
13817295828
13817375577
13817375709
13817401819
13817418062
13817432471
13817456685
13817515908
13817552254
13817560841
13817574883
13817587028
13817635916
13817677973
13817750424
13817781953
13817789956
13817807797
13817826112
13817862523
13817876638
13817931758
13817958307
13817998334
13818059646
13818096580
13818120582
13818140433
13818181796
13818207702
13818228661
13818285047
13818289014
13818291395
13818347417
13818432276
13818460148
13818460481
13818471237
13818539297
13818565379
13818595453
13818597341
13818658331
13818696412
13818826717
13818829439
13818840311
13818868852
13818955815
13819265800
13819266396
13819371970
13819396237
13819506293
13819771296
13819793359
13819803004
13819856183
13819944563
13820075292
13820102686
13820159511
13820189422
13820282861
13820286086
13820287359
13820297900
13820307870
13820418277
13820429157
13820470983
13820500187
13820504833
13820510618
13820593328
13820619175
13820625980
13820675771
13820691531
13820712576
13820759976
13820989823
13821041002
13821043793
13821047294
13821089972
13821096137
13821142371
13821193653
13821262655
13821283580
13821383363
13821446078
13821509447
13821744867
13821754009
13821804549
13821850723
13821852876
13821885207
13821951563
13821995889
13822089436
13822169275
13822222707
13822297796
13822348992
13822445000
13822473891
13822615348
13822832954
13822931097
13822935740
13823180344
13823269696
13823269780
13823284401
13823290195
13823338690
13823411151
13823471363
13823479253
13823492306
13823501607
13823596502
13823611361
13823660249
13823840787
13823853882
13823862127
13824041637
13824120965
13824121840
13824210662
13824263873
13824283936
13824445880
13824496201
13824576063
13824603548
13824679454
13824703482
13824723580
13824735392
13824765051
13824822757
13824909216
13824990727
13825088679
13825209202
13825448441
13825551289
13825585056
13825629635
13826013199
13826031477
13826083429
13826165584
13826277616
13826402310
13826404603
13826416629
13826467520
13826528861
13826533322
13826552445
13826753005
13826798007
13826885301
13826901160
13826915865
13826976039
13827165936
13827198616
13827668229
13827694774
13827868207
13828154808
13828161257
13828167477
13828172137
13828242762
13828284704
13828317044
13828411020
13828457664
13828516428
13828539233
13828592066
13828686535
13828780301
13828941348
13829001782
13829049275
13829049476
13829072080
13829280343
13829325574
13829353931
13829363667
13829570380
13829835776
13829984205
13829993850
13830009192
13830062988
13830086840
13830101425
13830179655
13830295071
13830534978
13830574629
13830618288
13830645206
13830708002
13830765610
13830781059
13830794724
13831030654
13831072374
13831160622
13831179171
13831272051
13831435957
13831506070
13831722511
13831793910
13832125732
13832145794
13832146792
13832185212
13832240455
13832484242
13832504147
13832624411
13832683576
13832739675
13832780648
13832993616
13833174943
13833306684
13833315321
13833462660
13833487582
13833613363
13833614915
13833669955
13833801796
13834066227
13834074081
13834162495
13834322302
13834364409
13834452389
13834505617
13834520236
13834603138
13834623644
13834825581
13834876496
13834962844
13835019571
13835121771
13835187824
13835272375
13835290584
13835330946
13835366259
13835532818
13835607999
13835758367
13835769338
13835980547
13836014678
13836023914
13836034146
13836042536
13836100126
13836353720
13836385700
13836551550
13836600448
13836647770
13836711088
13836762529
13836872443
13836891648
13836924998
13837101680
13837186904
13837193128
13837201920
13837331004
13837371977
13837432308
13837558723
13837753752
13837922238
13837932408
13838027961
13838034577
13838041627
13838159262
13838171472
13838238395
13838283475
13838323226
13838398704
13838592751
13838729647
13838811593
13838832098
13838858541
13838910970
13839041856
13839089721
13839100287
13839186755
13839270823
13839390724
13839529668
13839632609
13839742201
13839796237
13840068761
13840115277
13840232368
13840251505
13840348599
13840397422
13840545323
13840575398
13840625555
13840863202
13840942033
13840952426
13840976372
13841004815
13841254437
13841257511
13841310320
13841444059
13841464451
13841469051
13841472218
13841510831
13842028676
13842278559
13842446039
13842464841
13842490020
13842565277
13842622699
13842918953
13842965119
13843109916
13843228987
13843277772
13843328811
13843623353
13843697051
13843705218
13843706910
13844067572
13844327625
13844522999
13844604388
13844820396
13844851423
13844864727
13844902011
13844922929
13845062038
13845102599
13845109956
13845161271
13845196018
13845211560
13845307247
13845375846
13845473114
13845576503
13845618096
13845716506
13845755475
13846147507
13846268903
13846398467
13846785433
13846983504
13847172799
13847183831
13847230099
13847263378
13847305757
13847318942
13847555714
13847568969
13848077133
13848199022
13848721207
13848727363
13849090537
13849098309
13849098611
13849170017
13849366654
13849506347
13849549996
13849710555
13849784444
13849918992
13850052264
13850162925
13850244653
13850485702
13850609591
13850627510
13850767543
13850768497
13850790312
13850888343
13851416124
13851474640
13851535624
13851540821
13851568976
13851591971
13851608910
13851631940
13851636545
13851638301
13851650646
13851678889
13851736763
13851742273
13851752014
13851756208
13851802886
13851928700
13851949100
13851996463
13852036903
13852212119
13852342173
13852392446
13852435095
13852560570
13852591221
13852597569
13852748688
13852763167
13852800055
13852836709
13852924609
13852967038
13853087676
13853120361
13853209209
13853279298
13853312937
13853493078
13853550593
13853745421
13854079656
13854102190
13854113095
13854116466
13854290885
13854629426
13854980850
13855044036
13855106367
13855124592
13855129455
13855190631
13855196858
13855216980
13855345213
13855539474
13855539498
13856019601
13856080310
13856250390
13856258939
13856345465
13856353372
13856358078
13856495821
13856974621
13857009770
13857136759
13857225842
13857459839
13857495909
13857560197
13857589828
13857635076
13857706722
13857707015
13857713118
13857717015
13857937635
13858005163
13858070185
13858079986
13858080135
13858177389
13858241231
13858245563
13858266505
13858330722
13858511992
13858542680
13858548115
13858554008
13858680662
13858861004
13858970720
13858972039
13859080436
13859145998
13859364708
13859371446
13859596633
13859612339
13859647680
13859710061
13859759632
13859829923
13859857223
13860008760
13860017482
13860158326
13860185612
13860272208
13860331702
13860349842
13860468652
13860471880
13860803466
13861051630
13861073766
13861222922
13861227676
13861233695
13861260697
13861343281
13861388858
13861449980
13861539229
13861584522
13861613879
13861770672
13861791745
13861815310
13861850326
13862057385
13862167895
13862188159
13862194637
13862416973
13862704258
13862736426
13862887651
13862891659
13862901513
13862987204
13863029680
13863234802
13863317362
13863332251
13863405666
13863451820
13863622234
13863867772
13863956859
13864129152
13864196526
13864281982
13864324258
13864364951
13864479063
13864677648
13864717761
13864740361
13864795708
13864887221
13864932345
13864943232
13865067599
13865107483
13865352631
13865580086
13865806108
13865957052
13866158465
13866358619
13866362130
13866397852
13866646898
13866676090
13866677066
13866794772
13866799665
13866980342
13866992194
13866995473
13867066059
13867125029
13867140686
13867212131
13867231168
13867391299
13867678032
13868062334
13868085826
13868111985
13868154842
13868226125
13868358896
13868539778
13868546066
13868623192
13868743167
13868816189
13868829585
13868839930
13869037300
13869102336
13869191295
13869214762
13869355527
13869358224
13869872139
13870011686
13870169906
13870780646
13870788672
13870925681
13871000174
13871011721
13871078207
13871084060
13871127111
13871196500
13871235345
13871457479
13871489097
13871557448
13871563687
13871599290
13871617199
13871681350
13871692485
13872224859
13872290443
13872458166
13872530660
13872551515
13872844906
13872888056
13872904533
13873050830
13873129139
13873164642
13873212731
13873388512
13873534399
13873639898
13873745762
13873845722
13873882922
13873951750
13874250980
13874319440
13874424757
13874473360
13874582072
13874630655
13874707432
13874736326
13874754413
13874910268
13875331603
13875643777
13875740403
13875887656
13875887812
13875891521
13875922171
13876050363
13876362916
13876486747
13876493786
13876816841
13876840286
13876982631
13876985200
13877023304
13877105880
13877122657
13877129264
13877167830
13877900577
13878006057
13878012883
13878197431
13878265017
13878441495
13878593116
13878800656
13878871133
13878982028
13879049692
13879162183
13879232547
13879533206
13879759293
13879790696
13879815430
13879830986
13879860285
13879899081
13880078457
13880089094
13880115780
13880122431
13880134730
13880153027
13880159300
13880185620
13880225926
13880252621
13880285822
13880291024
13880344611
13880520458
13880529695
13880564616
13880591285
13880634654
13880636093
13880666137
13880677597
13880703346
13880721046
13880759361
13880765527
13880769860
13880784207
13880785929
13880833606
13880840476
13880887310
13880894344
13880903188
13880966979
13880985553
13880995738
13881055167
13881084348
13881258007
13881442271
13881653517
13881752821
13881771006
13881880744
13881892732
13881987551
13882017568
13882075615
13882123742
13882136347
13882292527
13882337777
13882340979
13882475630
13882552503
13882561953
13882613837
13882634728
13882736184
13883026072
13883079052
13883189494
13883198514
13883208884
13883302123
13883329963
13883434561
13883492751
13883579681
13883704262
13883720663
13883744998
13883798653
13883814464
13883885815
13884171932
13884180303
13884294045
13884456184
13884487983
13885018096
13885166071
13885293986
13885302043
13885400388
13885510538
13885511068
13885512245
13885703611
13885731066
13885775739
13885822784
13885850336
13885957437
13886000186
13886021654
13886068110
13886166966
13886175260
13886310553
13886350757
13886595900
13886610666
13886700894
13886801132
13886847176
13887010285
13887039286
13887238145
13887241829
13887278123
13887401230
13887586036
13887641292
13887658784
13887670376
13887706971
13887837930
13887952523
13888083653
13888085670
13888153103
13888263605
13888297980
13888407858
13888454728
13888470421
13888472781
13888515413
13888642208
13888688137
13888688386
13889012197
13889118721
13889130963
13889135794
13889246155
13889252627
13889261772
13889287827
13889290820
13889314785
13889387780
13889600621
13889662828
13889677766
13889799827
13889810815
13889822749
13889881327
13889941036
13890047006
13890112812
13890173562
13890247190
13890500553
13890719972
13891031796
13891078241
13891088317
13891226045
13891420125
13891436911
13891566770
13891588377
13891590432
13891706662
13891818439
13891884803
13891917711
13891932285
13891981447
13892044172
13892097565
13892147260
13892215557
13892420858
13892543658
13892668388
13892751947
13892796149
13892863634
13893019751
13893172718
13893188529
13893229254
13893230037
13893270897
13893303879
13893310887
13893348632
13893362612
13893395413
13893491285
13893614358
13893614511
13893615355
13893623068
13893628952
13893660919
13893710830
13893788450
13893955267
13894035630
13894200769
13894230868
13894529996
13894589546
13894811446
13894878309
13895102828
13895183846
13895265491
13895404367
13895426661
13895454888
13895502566
13895557690
13895568401
13895587708
13895623455
13895745986
13895758048
13895775291
13896047526
13896078380
13896079445
13896400605
13896485851
13896520140
13896559511
13896572002
13896587607
13896635457
13896750130
13896989969
13897283546
13897301698
13897411201
13897423928
13897905721
13897956604
13897989015
13898016343
13898089969
13898121980
13898124984
13898147073
13898175927
13898183765
13898250567
13898282401
13898287256
13898324107
13898628450
13898629298
13898638046
13898663671
13898782366
13898811961
13898818308
13898874639
13898907477
13899024586
13899132738
13899235699
13899299548
13899301408
13899362255
13899366685
13899440047
13899523283
13899546474
13899642115
13899924020
13899925345
13899957425
13899991950
13901187761
13901251367
13901283580
13901306254
13901320934
13901370455
13901381577
13901606264
13901855373
13901924596
13901951025
13901973865
13902222228
13902550875
13902575855
13902698069
13902717919
13902846565
13902931294
13902996757
13903008534
13903214724
13903241657
13903405707
13903423423
13903451172
13903462911
13903465910
13903528192
13903699626
13903904358
13903911031
13904011957
13904151350
13904309093
13904310800
13904319063
13904331542
13904344265
13904370198
13904479316
13904636545
13904658392
13904691237
13904707371
13904774584
13904838685
13905068723
13905094909
13905485306
13905488255
13905529852
13905793592
13905794922
13905829442
13905895187
13905901186
13906013436
13906017589
13906020972
13906047168
13906172456
13906191798
13906291457
13906315885
13906425176
13906432891
13906504686
13906521721
13906527180
13906531863
13906558758
13906840767
13906853286
13907007850
13907055846
13907189797
13907402780
13907495773
13907732811
13908064029
13908088251
13908090673
13908270710
13908491307
13908590231
13908627216
13908748460
13908892310
13908893395
13908933221
13909074430
13909090021
13909117437
13909185103
13909214599
13909426985
13909428047
13909438855
13909499860
13909509514
13909512784
13909659523
13909669665
13909719439
13909815916
13909816408
13909946038
13910020681
13910073418
13910090805
13910107051
13910112502
13910178584
13910247764
13910258037
13910272700
13910338671
13910453816
13910521312
13910614132
13910646792
13910671289
13910730591
13910762936
13910803077
13910804558
13910804889
13910824868
13910829001
13910939055
13910985547
13911008067
13911059841
13911078584
13911120499
13911165598
13911169410
13911178409
13911184017
13911223208
13911303639
13911307092
13911312520
13911314649
13911364814
13911400992
13911527600
13911561605
13911600835
13911613033
13911640817
13911667706
13911669962
13911705659
13911738764
13911890301
13911899669
13911997837
13912026994
13912069296
13912111757
13912149638
13912186253
13912283207
13912322585
13912407032
13912432287
13912442945
13912497650
13912516529
13912601111
13912602537
13912887260
13912931179
13913034558
13913046033
13913054230
13913117271
13913134796
13913216639
13913240319
13913325165
13913336388
13913384270
13913420477
13913596436
13913640543
13913734758
13913767856
1391376856
13913812639
13913814652
13913830316
13913836773
13913846512
13913889098
13913990432
13914163261
13914298091
13914489762
13914545787
13914713576
13914735083
13914738767
13914781903
13914847458
13914887784
13914966316
13914973004
13915004044
13915070935
13915276088
13915401862
13915504500
13915505137
13915549232
13915560626
13915595464
13915627059
13915658657
13915691967
13915701063
13915715317
13915719420
13915736586
13915785756
13915847048
13915872662
13915883480
13915951025
13915951592
13915953281
13915954806
13916030885
13916038492
13916039616
13916082490
13916141568
13916199978
13916387558
13916582332
13916633590
13916634718
13916650849
13916654720
13916725919
13916736317
13916757718
13916789604
13916870492
13916901497
13916905668
13916916210
13916920566
13916928427
13917023726
13917046092
13917109127
13917113966
13917182468
13917433359
13917493325
13917499245
13917500273
13917515119
13917538269
13917680561
13917698170
13917714058
13917772754
13917795747
13917798445
13917842808
13917852077
13917958786
13918033140
13918080427
13918095902
13918289548
13918323185
13918349307
13918378636
13918391233
13918392655
13918421955
13918425140
13918460290
13918533264
13918547997
13918622849
13918654517
13918700647
13918791576
13918821594
13918824152
13919113581
13919113682
13919150170
13919169129
13919191213
13919246363
13919247392
13919253036
13919295727
13919309125
13919327809
13919376423
13919418162
13919429355
13919430571
13919699980
13919731207
13919782350
13919804615
13919840462
13919918471
13919946705
13919957889
13919971480
13920023019
13920061033
13920172604
13920255072
13920256820
13920271103
13920283752
13920313918
13920318373
13920326401
13920367530
13920386789
13920403518
13920485079
13920532320
13920586375
13920635384
13920645995
13920664752
13920701629
13920703403
13920843767
13920937835
13920965411
13920970237
13921030656
13921062441
13921099921
13921107411
13921188853
13921193965
13921259595
13921302861
13921422499
13921529134
13921557215
13921595572
13921817463
13921869786
13921874846
13921930959
13922140721
13922156496
13922164115
13922216832
13922221171
13922288165
13922290110
13922290545
13922400504
13922786758
13922790326
13922832925
13922834384
13923017772
13923035666
13923084123
13923186739
13923242266
13923393353
13923552855
13923572559
13923621918
13923623828
13923631066
13923631131
13923653365
13923704103
13923745259
13923867489
13923867945
13924001081
13924084178
13924103429
13924105106
13924219113
13924418705
13924475192
13924623372
13924672209
13924880236
13924962090
13925025749
13925038623
13925222532
13925257000
13925287266
13925321172
13925525340
13925545051
13925835962
13925863186
13926034905
13926109375
13926181205
13926216608
13926284673
13926328686
13926517493
13926591717
13926763311
13926837755
13926957610
13927036275
13927041706
1392706393
13927208242
13927353201
13927454005
13927473763
13927497301
13927532729
13927545790
13927550497
13927746582
13927829165
13927862170
13927944789
13928018129
13928095651
13928126830
13928280960
13928316665
13928328322
13928375959
13928419748
13928434743
13928499900
13928610185
13928638196
13928728903
13928829321
13928851615
13928872292
13928889683
13928893046
13928923458
13929034083
13929223973
13929321232
13929502657
13929541203
13929697982
13929716864
13930085007
13930100983
13930237581
13930549775
13930634316
13930649964
13930792475
13930850679
13930858441
13930919795
13931054302
13931152021
13931156712
13931193409
13931255838
13931281249
13931398562
13931583899
13931887130
13931971857
13931972316
13931979278
13932057695
13932134770
13932192054
13932272281
13932296185
13932970786
13933113115
13933257776
13933528045
13933557260
13933882219
13933892211
13933899712
13933930123
13934046241
13934118842
13934130236
13934165164
13934176511
13934301581
13934313516
13934338063
13934340842
13934536645
13934540932
13934565253
13934566100
13934566692
13934596615
13934597610
13934616502
13934643444
13934782920
13934818568
13934877704
13934910239
13935026010
13935119298
13935237506
13935340618
13935478508
13935541401
13935556748
13935612710
13935637427
13935673824
13935900460
13935965196
13936341421
13936366811
13936437188
13936675460
13936718609
13936763200
13936806437
13937116253
13937175321
13937311243
13937393593
13937460577
13937483840
13937493881
13937561920
13937836501
13937839752
13937865171
13937895037
13937990304
13937992520
13938119840
13938192755
13938202871
13938202879
13938238509
13938281257
13938283153
13938323371
13938361535
13938663510
13938714061
13938758345
13938775401
13938994451
13939010209
13939019979
13939042333
13939052680
13939072412
13939190006
13939193046
13939218608
