13939268029
13939276192
13939362948
13939460702
13939518681
13939715540
13939770891
13939837617
13939950313
13940100793
13940113310
13940128779
13940229921
13940285548
13940366334
13940545948
13940563965
13940613361
13940633136
13940676758
13940828728
13940925703
13940925965
13940974899
13941179911
13941200672
13941271761
13941363636
13941369725
13941411768
13941612164
13941612829
13941672415
13941714653
13941715212
13941751527
13941789758
13941978222
13941996920
13942067736
13942120068
13942202326
13942251596
13942373074
13942477051
13942784849
13942842996
13943065766
13943115556
13943235167
13943376389
13943390299
13944157028
13944182949
13944185700
13944196611
13944201755
13944227559
13944635478
13944693981
13944761706
13944808720
13944813474
13944845960
13944903715
13944934247
13945021207
13945062011
13945124412
13945208741
13945217681
13945361295
13945510183
13945590061
13945609225
13945620508
13945624766
13945709845
13945715005
13945745269
13945817710
13945925015
13945933418
13945948453
13946121662
13946164804
13946207067
13946215751
13946341692
13946409271
13946492360
13946495483
13946586548
13946636844
13946800886
13947208419
13947481896
13947781270
13947813619
13947910077
13947947761
13947969410
13948152464
13948437441
13948483824
13948525602
13948637357
13948716165
13948832865
13948836619
13948945652
13949068940
13949093426
13949129757
13949143791
13949416815
13949618220
13949685590
13949725085
13949729016
13949753511
13949783900
13949873208
13949977891
13950067309
13950078011
13950219296
13950306427
13950395383
13950487471
13950511756
13950559545
13950658583
13950687529
13950983699
13951024280
13951036120
13951088290
13951162691
13951212066
13951588931
13951648499
13951686456
13951693972
13951739022
13951822304
13951825518
13951853102
13951945871
13951952327
13951984047
13952100628
13952170386
13952177907
13952311718
13952405229
13952732711
13952734796
13952779738
13952872545
13953104111
13953118725
13953139178
13953189137
13953239078
13953298303
13953506051
13953529059
13953923809
13953967070
13954147722
13954148539
13954176113
13954199309
13954257459
13954338762
13954354275
13954621063
13954627010
13954640930
13954651196
13954868644
13954872609
13954881173
13955071919
13955120163
13955194786
13955232987
13955359719
13955453846
13955519905
13955616300
13955709673
13955849885
13955868291
13955874735
13955885001
13956002493
13956016748
13956119090
13956174955
13956198818
13956205816
13956302918
13956387302
1395649776
13956752533
13957048323
13957226925
13957234142
13957406533
13957561107
13957634299
13957723320
13957732606
13957749588
13957791261
13958002801
13958032802
13958033106
13958089439
13958103693
13958202075
13958242685
13958725110
13958871701
13958889669
13959159942
1395925129
13959264650
13959393563
13959393662
13959431319
13959458005
13959802599
13960206452
13960217238
13960263363
13960393569
13960506299
13960600090
13960610695
13960710135
13960797908
13961009370
13961021299
13961164955
13961329104
13961501784
13961777869
13961819095
13961827100
13961837213
13961906774
13961965333
13962156548
13962384575
13962478751
13962478798
13962544958
13962700570
13962750348
13962755760
13962805375
13962867927
13962893374
13962989957
13963146759
13963165930
13963178800
13963491288
13963726008
13963777608
13963840584
13963899069
13964415183
13964451882
13964460989
13964507600
13964763032
13964800121
13964906964
13965086542
13965230991
13965251861
13965295281
13965609276
13965708503
13965828886
13965843810
13966093598
13966165533
13966285718
13966338278
13966404468
13966663711
13966684992
13966873763
13967059921
13967100266
13967261990
13967399661
13967455655
13967732233
13967889967
13967942992
13968046109
13968077521
13968184590
13968197185
13968198765
13968320156
13968343037
13968466763
13969002311
13969004048
13969085583
13969106692
13969119818
13969257928
13969305825
13969398153
13969622230
13969626745
13969650815
13969678791
13969810443
13969912701
13969918264
13970136966
13970200804
13970362800
13970404412
13970733665
13970741246
13970774281
13970898358
13970912595
13970920605
13971087272
13971103271
13971132010
13971134408
13971141173
13971181812
13971285182
13971316283
13971382397
13971384591
13971408137
13971450250
13971470265
13971515938
13971519586
13971547131
13971555433
13971597029
13971705080
13971751582
13971754124
13971836312
13971853116
13971942394
13972000711
13972186520
13972201779
13972518680
13972518960
13972577422
13972644289
13972946524
13973073907
13973089580
13973128899
13973137907
13973176739
13973180616
13973208562
13973301385
13973326865
1397349093
13973637032
13973672528
13973681946
13973852262
13973872338
13973942770
13973999625
13974379062
13974666220
13974747677
13974829133
13974894557
13974961542
13975076695
13975113826
13975114620
13975135528
13975137913
13975300512
13975380427
13975406713
13975550491
139755550491
13975573911
13975622785
13975675556
13975735124
13975966378
13976099870
13976275346
13976308872
13976384067
13976478861
13976672237
13977156329
13977295992
13977300165
13977391535
13977395650
13977782724
13978039132
13978305693
13978479270
13978501593
13978607475
13978628547
13978696296
13978796844
13978815100
13979021451
13979549818
13979663406
13979763399
13979847747
13979855306
13979887361
13979940358
13979965165
13979992241
13980041950
13980163540
13980180037
13980257576
13980403726
13980430342
13980443179
13980471651
13980506288
13980556198
13980560607
13980578569
13980580696
13980593238
13980638845
13980659921
13980715801
13980742956
13980758734
13980769277
13980791259
13980937141
13980999324
13981037750
13981104713
13981307480
13981313803
13981398707
13981789179
13981792042
13981797929
13981816839
13981983125
13982018105
13982018958
13982021496
13982073320
13982139522
13982153602
13982238361
13982262659
13982279207
13982310112
13982338935
13982473310
13982585243
13982680621
13982826928
13982908370
13983064610
13983181314
13983187442
13983200955
13983283492
13983334920
13983341674
13983446117
13983527125
13983757503
13983779716
13983819895
13983826905
13983829548
13983890965
13983965274
13984000942
13984067365
13984118360
13984134045
13984181740
13984284596
13984302594
13984308597
13984332610
13984342384
13984344195
13984735418
13984834314
13984910639
13985299064
13985590620
13985798510
13985958044
13985984033
13986110438
13986115982
13986268987
13986357100
13986454089
13986736687
13986758513
13986998273
13987004079
13987122491
13987211028
13987239972
13987343735
13987489601
13987705708
13987778758
13987830220
13987836769
13987962539
13988081670
13988191297
13988240998
13988261645
13988300703
13988399808
13988447317
13988468045
13988733249
13988753142
13988945405
13989282235
13989396350
13989476564
13989499775
13989721170
13989854536
13990026942
13990039048
13990070562
13990099781
13990128961
13990283086
13990287358
13990355140
13990890464
13990964162
13991008273
13991118607
13991225918
13991393031
13991395633
13991473016
13991713273
13991718123
13991740603
13991862793
13991920674
13992038020
13992107315
13992462612
13992496992
13992519673
13992523201
13992554521
13992647921
13992664764
13992755065
13993136860
13993146786
13993331805
13993394492
13993460848
13993525775
13993614194
13993628581
13993799677
13993929505
13994118832
13994256690
13994273241
13994300620
13994316439
13994317342
13994324421
13994435956
13994470394
13994516097
13994525359
13994544018
13994548512
13994590269
13994640521
13994740791
13994875322
13995135273
13995165017
13995235764
13995265152
13995279508
13995318221
13995370545
13995401350
13995410508
13995413148
13995561027
13995596627
13995635899
13995655805
13995687007
13995793234
13995806402
13995854356
13996034994
13996049791
13996140824
13996164257
13996204182
13996260560
13996408522
13996429877
13996507782
13996540777
13996578577
13996638269
13996723322
13996952918
13997036306
13997118388
13997187778
13997277925
13997399807
13997483959
13997539580
13997732208
13997799928
13997820093
13997844121
13997958207
13998012681
13998073482
13998105886
13998131395
13998166886
13998206650
13998226148
13998238343
13998274259
13998399085
13998485628
13998498041
13998504967
13998506888
13998623153
13998902628
13998981250
13999045890
13999151750
13999184562
13999243887
13999282114
13999287918
13999325926
13999528022
13999600903
13999706707
13999752812
13999760365
13999814690
13999821272
13999848530
13999848904
13999851366
13999907292
13999956195
1402280362
1402441291
1402894539
1403585360
1406004826
1411735919
1412045408
1416810183
1416832544
1418553031
1418944017
141936145
1421379869
1425016886@qq.com
1429676474
1445213436
1446226291
1448298400
1449599715
1450243340
1452244904
14533027
1454752589mzw
1457262158
14596625107
1463419150
1464829963
1464830915
1468465210
1469717181
14700095063
14702454430
14703564085
14704100707
14704646470
14704663022
14705205255
14705302728
14706398768
14707430735
14708202044
14708204527
14708258834
14708540247
14709725529
14709938337
14715490528
14717255999
14718059348
14727922647
14728636615
14729037839
14729244933
14729772277
14736579762
14740215858
14740554510
14740556029
14740557075
14740564489
14740598273
14741148784
14743117373
14745987897
14747239003
14747406217
14747412122
14747585358
14747704299
14747768033
14747846933
14747850435
14747886819
14751048565
14751786290
14752104281
1475371261
14759954751
14763870886
14769176272
14769644310
14770953156
14773613414
14773626108
14773660607
14773948587
14777070361
14777317785
14777387509
14777455616
14777763660
14777772219
14778363015
14778585965
1477878388
14778803096
14780000492
14780073853
14780146003
14780290611
14784501805
14785099049
14785219758
14785439374
14785679187
14785854236
14786120969
14786581114
14787318159
14787787008
14787823651
14787828452
14787879221
14787882310
14789570153
14789668086
14790418230
14790755185
14795748449
14796242603
14797373585
14799857558
14799912880
14799933296
1499845188
15000016700
15000037357
15000126753
15000169624
15000211385
15000279745
15000318526
15000333967
15000513065
15000516317
15000527953
15000529580
15000536458
15000654358
15000675673
15000733005
15000765285
15000790782
15000915298
15000953092
15000955378
15000964119
15001025377
15001056612
15001063275
15001068549
15001094835
15001101891
15001112633
15001121251
15001200721
15001282005
15001301787
15001316114
15001335505
15001576057
15001638327
15001661827
15001683038
15001696914
15001784892
15001838650
15001845230
15001858506
15001893982
15001899728
15001965093
15001973068
15001985073
15002001852
15002004673
15002022501
15002118747
15002127640
15002134328
15002180779
15002294179
15002346578
15002393627
15002439883
15002456263
15002456502
15002481517
15002484975
15002691754
15002728959
15002897045
15002909591
15002935772
15002983645
15002988306
15002991982
15003111360
15003121009
15003125644
15003225504
15003349921
15003407162
15003439231
15003471359
15003523775
15003564729
15003654609
15003658553
15003716565
15003726168
15003860908
15003871814
15003946853
15004006477
15004024873
15004028762
15004052169
15004068918
15004080532
15004113319
15004191929
15004240156
15004256202
15004329820
15004352134
15004490061
15004505484
15004526392
15004538823
15004610113
15004627100
15004654660
15004848648
15004930715
15004949577
15004986542
15005003643
15005311547
15005389313
15005429203
15005512014
15005558006
15005919382
15006006966
15006078391
15006183928
15006188176
15006196940
15006197910
15006228065
15006338413
15006406900
15006410623
15006423252
15006457099
15006500266
15006609956
15006706871
15006883201
15007032899
15007042059
15007079007
15007113317
15007136519
15007371456
15007403043
15007530396
15007535574
15007659073
15007673641
15007811150
15008012480
15008129775
15008135340
15008137705
15008209382
15008236681
15008374028
15008406020
15008428886
15008443805
15008443848
15008455514
15008460352
15008473207
15008479148
15008486118
15008496776
15008539915
15008808573
15008826884
15008880901
15008890315
15008909467
15008911949
15008962618
15009069325
15009110086
15009268675
15009344034
15009376761
15009485230
15009539166
15009616341
15009746163
15009809380
15009830395
15009861582
15009908553
15009912185
15009951386
15010033360
15010051069
15010059897
15010125021
15010139032
15010230526
15010261628
15010320431
15010323919
15010408184
15010439663
15010490900
15010554724
15010747012
15010758901
15010938677
15010955969
15010967620
15011213510
15011291928
15011293706
15011302848
15011306962
15011336257
15011340155
15011348695
15011395867
15011397959
15011440127
15011459654
15011477526
15011520053
15011520302
15011536263
15011546925
15011550822
15011581244
15011630561
15011826290
15011852569
15011947660
15012356377
15012378607
15012810433
15012883613
15013061090
15013113095
15013115780
15013163417
15013218562
15013250877
15013282621
15013301173
15013466964
15013625148
15013711205
15013714284
15013760176
15013771145
15013831893
15013904910
15014088003
15014112425
15014133519
15014303369
15014391097
15014714772
15014962021
15015052435
15015060378
15015620755
15015693011
15015755606
15015890999
15015900101
15015900123
15015932264
15015970348
15016011377
15016016051
15016218389
15016527243
15016674751
15016896368
15016939550
15017050191
15017056432
15017120388
15017171055
15017207677
15017256290
15017353070
15017478838
15017485840
15017502942
15017546190
15017589640
15017815054
15017891396
15017909420
15017926637
15018078415
15018085521
15018089077
15018164439
15018188465
15018331420
15018342321
15018388010
15018415579
15018508053
15018518208
15018697384
15018785978
15018813787
15019143123
15019221847
15019263713
15019264090
15019424660
15019432750
15019467705
15019477575
15019698559
15019747958
15019884520
15020051749
15020166016
15020307689
15020339665
15020527220
15020540126
15020605121
15020609375
15020615599
15020643885
15020779950
15020848200
15020955711
15021048514
15021050042
15021073250
15021102691
15021178122
15021222092
15021245692
15021251186
15021303818
15021561045
15021573228
15021593721
15021609941
15021733197
15021806856
15021814853
15021827360
15021834931
15021977048
15022073545
15022113133
15022192745
15022198056
15022216860
15022281356
15022337065
15022350847
15022439801
15022459783
15022528397
15022592105
15022595752
15022733016
15022740783
15022800987
15022958220
15022963156
15022970208
15022985025
15022996693
15022997579
15023055606
15023106297
15023147084
15023150250
15023168214
15023221911
15023250024
15023433610
15023535150
15023648032
15023662873
15023715420
15023741233
15023767826
15023799636
15023910800
15024070059
15024303120
15024306276
15024365807
15024370106
15024370821
15024405361
15024587771
15024600103
15024745344
15024808912
15024885108
15024910318
15024923539
15024928574
15025194213
15025235339
15025326015
15025327943
15025352747
15025362006
15025393931
1502544119
15025489028
15025532084
15025558167
15025604289
15025639393
15025766234
15025810848
15025824426
15025943199
15026061639
15026103578
15026105707
15026126780
15026176602
15026189355
15026420584
15026443376
15026507906
15026579867
15026648696
15026704455
15026753776
15026769763
15026900003
15026908386
15026956519
15026990285
15027013667
15027103154
15027105054
15027162024
15027303911
15027365210
15027367870
15027494695
15027607015
15027783600
15028069735
15028236801
15028307832
15028310862
15028333096
15028357052
15028440282
15028441301
15028559581
15028577796
15028619913
15028648757
15028867593
15029001481
15029005903
15029021831
15029036208
15029097164
15029130820
15029174076
15029189598
15029229214
15029273643
15029292669
15029548636
15029601492
15029637598
15029643712
15029678929
15029709625
15029799630
15029820132
15029857172
15029902287
15029977962
15030188127
15030194198
15030222717
15030347565
15030463843
15030515898
15030555066
15030600150
15030786840
15030899934
15030996013
15031041493
15031107729
15031257187
15031475680
15031680003
15031718511
15031930652
15031939563
15031944078
15031968536
15032016617
15032095992
15032107920
15032110364
15032121173
15032284606
15032287986
15032296720
15032445836
15032590057
15032690812
15032751972
15032833640
15032926166
15033162030
15033174631
15033331417
15033364820
15033524077
15033529722
15033590052
15034006784
15034070079
15034073856
15034081350
15034089647
15034096242
15034155312
15034159789
15034171623
15034239365
15034274423
15034309047
15034464651
15034506715
15034698270
15034947076
15035076870
15035159500
15035183359
15035262885
15035334598
15035434222
15035438957
15035483666
15035551982
15035562300
15035585995
15035593496
15035606369
15035620613
15035673546
15035681983
15035739209
15035770623
15035869432
15035983163
15036005368
15036035920
15036108160
15036130605
15036149950
15036238373
15036330520
15036392250
15036592273
15036636830
15036700336
15036718200
15036738129
15036809938
15036812646
15036827091
15036857229
15037078871
15037083713
15037152486
15037170854
15037175075
15037199197
15037252863
15037279716
15037319186
15037341240
15037386211
15037477774
15037534703
15037561698
15037595298
15037655207
15037702810
15037976161
15038065315
15038161050
15038176265
15038180976
15038183395
15038211309
15038302906
15038373098
15038383855
15038516063
15038550740
15038558888
15038645011
15038682739
15038709223
15038778238
15038855554
15038933658
15039352038
15039394455
15039426556
15039429473
15039529533
15039800225
15039802709
15039806151
15039823152
15039976829
15040052335
15040054009
15040064496
15040067409
15040080902
15040105118
15040146850
15040187775
15040230627
15040238554
15040310844
15040323892
15040461570
15040518238
15040615220
15040639542
15040641711
15040833006
15040917476
15040994510
15041129722
15041134927
15041476399
15041510177
15041564870
15041589078
15041777415
15041779332
15041877802
15041938965
15041991737
15042020689
15042097215
15042394152
15042441298
15042459757
15042594231
15042612842
15042669181
15042806160
15042914864
15042938080
15043022820
15043027437
15043043459
15043092233
15043243743
15043244708
15043395768
15043601797
15043687589
15043742335
15044038437
15044060541
15044151378
15044267005
15044295111
15044561213
15044788950
15044829797
15044969949
15045020055
15045071086
15045083937
15045166296
15045171630
15045412901
15045420770
15045557142
15045563773
15045566720
15045670984
15045812869
15046101800
15046136679
15046382231
15046432883
15046471478
15046635574
15046674537
15046946445
15046952783
15046972850
15047174054
15047298548
15047360100
15047690627
15047694574
15047697792
15047778402
15047791926
15047919341
15047926882
15047984277
15048057693
15048060631
15048390777
15048428656
15048475096
15048525603
15048636017
15048805831
15048860080
15049110056
15049116970
15049129926
15049202993
15049205054
15049210851
15049370831
15049509720
15049526262
15049596787
15049719555
15049743376
15049767377
15049799726
15049968589
15049986845
15050013173
15050031137
15050064828
15050073610
15050239317
15050286574
15050287212
15050362511
15050447087
15050451253
15050522996
15050657080
15050687793
15050713564
15050815295
15050822099
15050844911
15051037858
15051045523
15051092228
15051092729
15051111390
15051113735
15051131267
15051142606
15051171126
15051181355
15051302575
15051348760
15051431424
15051466034
15051537418
15051587954
15051618587
15051716603
15051765107
15051803801
15051810381
15051815215
15051855750
15051868968
15051875124
15051923255
15051977556
15052078933
15052136775
15052161045
15052193866
15052200325
15052215011
15052259791
15052275830
15052292102
15052300332
15052318461
15052331307
15052422879
15052550704
15052671110
15052717306
15052802846
15052906600
15052988057
15053172111
15053232648
15053262530
15053316279
15053373870
15053542401
15053563757
15053776536
15053780710
15053891777
15053894362
15053927815
15054005589
15054171067
15054190632
15054293859
15054650116
15054799169
15054917022
15055001255
15055052228
15055060486
15055290838
15055302707
15055356560
15055567433
15055648864
15056004909
15056091619
15056214139
15056307313
15056437455
15056483676
15056613786
15056680769
15056790547
15056907772
15056928600
15056968055
15057028622
15057045563
15057318168
15057389269
15057466927
15057725525
15057817953
15058048009
15058121650
15058146064
15058165121
15058195801
15058307560
15058379820
15058578834
15058719989
15058901778
15058934244
15058940015
15059109792
15059165995
15059281973
15059507627
15059524006
15059529699
15059649577
15059788060
15059805929
15059937135
15060011610
15060024303
15060026847
15060035689
15060070731
15060085252
15060141320
15060170549
15060250601
15060272450
15060330802
15060492202
15060507533
15060530601
15060581400
15060710185
15060803711
15061025042
15061114564
15061272910
15061374166
15061487152
15061555377
15061667761
15061771937
15061835111
15061880726
15061886351
15061951290
15061955399
15061962167
15062126581
15062140359
15062145094
15062150860
15062201112
15062271717
15062282971
15062283917
15062423972
15062596907
15062609475
15062699626
15062745225
15062768591
15062868108
15062892937
15062923223
15063017063
15063042256
15063283809
15063373138
15063488076
15063675363
15063708568
15063751839
15063876027
15063960559
15064007898
15064049872
15064110770
15064203629
15064281052
15064285856
15064369952
15064385997
15064548883
15064584798
15064692609
15064756095
15064775181
15065119832
15065126242
15065231618
15065237554
15065358868
15065628559
15065652509
15065949440
15066159507
15066238873
15066265606
15066322137
15066367966
15066395060
15066430222
15066781619
15066849940
15066976992
15067062082
15067097778
15067108337
15067145579
15067313620
15067314470
15067336165
15067357769
15067423345
15067732122
15067815872
15067863610
15067873909
15067875295
15067898787
15068101921
15068160614
15068180953
15068255210
15068265764
15068762921
15068827886
15069065912
15069066756
15069069136
15069114207
15069147507
15069161057
15069238309
15069317033
15069372706
15069397004
15069577391
15069650366
15069741382
15069757251
15069840961
15069870679
15069928186
15070064500
15070075407
15070085454
15070123235
15070192943
15070265726
15070266554
15070332056
15070445696
15070595065
15070778759
15070806397
15070827386
15070873457
15070879949
15070891652
15070936413
15070941239
15070977239
15071081064
15071133822
15071152220
15071174036
15071186327
15071207117
15071210526
15071213228
15071238792
15071281872
15071328854
15071350250
15071370366
15071426283
15071453044
15071521088
15071725147
15071848880
15071961713
15072238078
15072292352
15072401446
15072417655
15072441242
15072462671
15072492331
15072713532
15073126069
15073140524
15073146325
15073149936
15073168653
15073182999
15073207671
15073306375
15073370091
15073372526
15073494211
15073724616
15073750499
15073780805
15073828520
15073852032
15073880696
15073923936
15074353535
15074375484
15074402922
15074428937
15074506253
15074527867
15074634789
15074645759
15074697065
15074723814
15074767631
15074777770
15074796010
15074801886
15074905797
15074920619
15074965827
15074971058
15074989231
15075305898
15075522314
15075539514
15075740737
15075740955
15076150306
15076591380
15076669929
15076991868
15077077770
15077113424
15077217381
15077470619
15077526068
15077685413
15077787741
15077788220
15077837833
15077849075
15077854517
15077890602
15077900967
15077918524
15077968486
15078194191
15078326479
15078362061
15078388564
15078438114
15078481130
15078656647
15078842810
15079030273
15079091086
15079187011
15079189883
15079224768
15079418912
15079452209
15079525335
15079671725
15079709251
15079746068
15079768127
15079800663
15079880573
15079915063
15079944476
15079981789
15080025496
15080051132
15080071231
15080182049
15080304121
15080741474
15080816860
15080983418
15081076018
15081111580
15081192520
15081534669
15081550140
15081616916
15081767284
15081973228
15081993230
15082217844
15082278775
15082565547
15082692734
15082775812
15082781952
15082834688
15082944053
15082951853
15083031387
15083088797
15083090314
15083102869
15083138270
15083181198
15083243018
15083253257
15083257373
15083257903
15083313812
15083371273
15083408709
15083423168
15083478117
15083609852
15083652166
15083702904
15084069965
1508412083
15084123284
15084219133
15084353484
15084477330
15084526118
15084720189
15084727122
15084817471
15084834602
15084846440
15084877476
15084885701
15084902392
15084980691
15084991504
15085022829
15085097752
15085235085
15085237962
15085278010
15085278909
15085320757
15085411352
15085673854
15085934461
15085947235
15085998810
15086049574
15086299214
15086368738
15086440255
15086520187
15086697921
15086770465
15086792817
15086952328
15086991451
15086999343
15087023073
15087038605
15087059078
15087073570
15087074209
15087115170
15087190356
15087376870
15087676214
15087770703
15087951029
15088068208
15088198589
15088225152
15088248591
15088277279
15088292814
15088472519
15088589675
15088628790
15088631105
15088661990
15088718341
15088829465
15088903902
15088908939
15089130351
15089180014
15089203292
15089209308
15089328848
15089372999
15089381143
15089402207
15089473002
15089566344
15089690227
15089771367
15089893340
15089897896
15089999923
15090000050
15090097542
15090457492
15090492565
15090582937
15090583562
15090713878
15090750330
15090770110
15091047371
15091059648
15091098693
15091129948
15091202305
15091313447
15091337638
15091341543
15091456242
15091572124
15091594138
15091604948
15091735902
15091776819
15092077261
15092108006
15092164422
15092261177
15092273414
15092311191
15092438859
15092458076
15092581112
15092899343
15092953159
15092956417
15093002165
15093031211
15093044821
15093057638
15093071368
15093085790
15093098440
15093130622
15093275327
15093310700
15093332193
15093333642
15093352269
15093368093
15093426905
15093567999
15093632570
15093782821
15094009607
15094036819
15094190698
15094557523
15094636069
15094771200
15094791041
15094873465
15094969897
15094971329
15095510318
15095559779
15095658730
15095682930
15095801395
15095825905
15095830451
15095873538
15096085099
15096431683
15096440468
15096627630
15096637882
15096643037
15096770398
15097335653
15097378772
15097385203
15097625808
15097773247
15097787637
15097806069
15097993560
15098019680
15098098193
15098101535
15098137059
15098355299
15098432467
15098505627
15098703149
15098722139
15098922079
15098941999
15098946098
15098955506
15098981716
15099052322
15099066320
15099083741
15099101350
15099133367
15099162314
15099171191
15099172794
15099182162
15099198124
15099208642
15099212996
15099214867
15099259949
15099316129
15099377283
15099597913
15099700679
15099715660
15099919867
15099958471
15100067637
15100117221
15100120515
15100166562
15100325953
15100350716
15100722005
15100890197
15100907575
15100956985
15101021855
15101048279
15101090797
15101107035
15101138697
15101160698
15101178313
15101199688
15101201612
15101206674
15101230338
15101231887
15101289892
15101297483
15101314819
15101666671
15101703159
15101890702
15102014360
15102178068
15102216463
15102287532
15102319568
15102418476
15102561218
15102689376
15102723036
15102772807
15102774621
15102809029
15102815893
15102824641
15102888544
15102908245
15103066200
15103126693
15103437221
15103538199
15103599900
15103723653
15103877555
15103918891
15104007039
15104022657
15104059524
15104226215
15104277509
15104317464
15104324809
15104526585
15104542709
15104621575
15104677871
15104679570
15104707660
15104773358
15104785932
15104806011
15104841995
15104882251
15104911778
15104942174
15105133780
15105142808
15105171266
15105185482
15105210417
15105315984
15105400851
15105404420
15105489977
15105496703
15105506927
15105607652
15105677515
15105695140
15105697876
15105720535
15105722315
15105722318
15105952203
15106117712
15106154912
15106205165
15106265435
15106267975
15106282589
15106435860
15106532580
15106581950
15106651601
15106661756
15106799798
15106895423
15106902501
15106912291
15106937233
15106959323
15106980923
15107119208
15107183133
15107227331
15107252663
15107333651
15107504100
15107517640
15107553035
15107574260
15107642590
15107662780
15107668356
15107690376
15107734357
15107739362
15107751540
15107987199
15108102487
15108107517
15108143115
15108196388
15108207682
15108230570
15108239624
15108317978
15108398119
15108443766
15108467154
15108511126
15108585767
15108771994
15108789681
15108927045
15108950786
15108996260
15109007397
15109019815
15109061638
15109089837
15109179585
15109246068
15109248277
15109319539
15109457291
15109510992
15109512007
15109603869
15109648282
15109758098
15109764432
15109921554
15109947596
15109990220
15110151949
15110170956
15110177204
15110252472
15110263336
15110295399
15110330115
15110375305
15110385852
15110493100
15110504586
15110735055
15110788173
15110829362
15110875776
15110900916
15110929740
15111024231
15111038892
15111048812
15111053062
15111057304
15111062081
15111130521
15111135869
15111154970
15111213454
15111255307
15111336237
15111340319
15111387651
1511140151
15111459420
15111480906
15111516024
15111576832
15111580141
15111618222
15111631256
15111855406
15111900203
15112000128
15112011883
15112039252
15112063345
15112107379
15112360956
15112477895
15112510418
15112559523
15112697904
15112893882
15112919566
15113206124
15113233570
15113237391
15113344174
15113378078
15113400034
15113520174
15113732433
15113770280
15113990412
15113990477
15114020573
15114045393
15114051001
15114084250
15114098950
15114114553
15114192199
15114259399
15114290058
15114326887
15114446907
15114472866
15114525273
15114550058
15114558532
15114621397
15114688557
15114727249
15114801562
15114832484
15114838172
15115070137
15115130321
15115174085
15115313567
15115353161
15115493172
15115504042
15116037913
15116143955
15116169004
15116187850
15116275303
15116300229
15116331935
15116338174
15116348967
15116403933
15116405962
15116470097
15116594741
15116651767
15116703618
15116716028
15116823732
15116916400
15116917836
15116935818
15116963017
15116987930
15117039656
15117050508
15117086278
15117121377
15117230604
15117234153
15117735203
15117824972
15117947317
15117968241
15117985635
15118119269
15118679641
15119086165
15119096391
15119108420
15119280575
15119402678
15119402971
15119794897
15119829259
15119841992
15119939686
15120011629
15120070369
15120077249
15120388589
15120552775
15121044697
15121053536
15121183197
15121221355
15121341659
15121431265
15121481514
15121707971
15121722002
15121732187
15121801685
15121909069
15121981972
15122071206
15122104075
15122104987
15122265727
15122289863
15122328090
15122357461
15122430324
15122456321
15122461648
15122616827
15122619757
15122659406
15122702528
15122729962
15122787693
15122826922
15122882023
15122981692
15123021590
15123030040
15123114684
15123149680
15123307859
15123309405
15123322214
15123366979
15123369015
15123511034
15123913556
15123956785
15124160219
15124212035
15124309217
15124312198
15124574198
15124707277
15124778918
15124813253
15124936650
15125005098
15125295221
15125378134
15125531335
15125708166
15125731978
15125842142
15126062935
15126160083
15127111370
15127138465
15127157970
15127182715
15127250154
15127550491
15127973257
15128017280
15128059428
15128070823
15128402467
15128466275
15128575264
15128644833
15128680301
15128723614
15128798716
15128850630
15128957777
15128981105
15129000935
15129037361
15129046667
15129071372
15129094616
15129156685
15129166981
15129190386
15129221143
15129233415
15129247263
15129307352
15129315550
15129408713
15129601917
15129691106
15129952712
15130173055
15130227599
15130236230
15130389765
15130411500
15130415531
15130427093
15130505787
15130569267
15130715310
15130752171
15131001390
15131146863
15131232936
15131254234
15131259273
15131582838
15131669664
15131680218
15131785551
15132123599
15132253464
15132269865
15132530178
15132530295
15132564567
15132662372
15132712293
15132964651
15132976033
15133022685
15133087761
15133117357
15133130179
15133166285
15133181103
15133182118
15133334001
15133399049
15133441377
15133452538
15133676560
15133838170
15133978521
15134000017
15134071051
15134090813
15134353393
15134596755
15134678753
15134706197
15134753691
15134791842
15134952282
15134967207
15134978313
15135086695
15135088717
15135103035
15135106169
15135107727
15135160122
15135281206
15135330718
15135331511
15135513241
15135518757
15135519711
15135520596
15135618800
15135690251
15135716007
15135737911
15135752055
15135789641
15135812500
15135905889
15136020651
15136108915
15136137749
15136236589
15136284576
15136352653
15136365227
15136369593
15136434951
15136575560
15136705682
15136721894
15136918551
15137200087
15137273375
15137315814
15137343135
15137351105
15137377950
15137379433
15137379576
15137551357
15137593962
15137667522
15138010084
15138041734
15138061832
15138094722
15138209579
15138513725
15138555204
15138761832
15138777313
15138833670
15138919969
15138924182
15138992940
15139093015
15139165513
15139195922
15139196075
15139269651
15139329315
15139367456
15139409500
15139476053
15139476842
15139587439
15139696333
15139835969
15139958727
15139963501
15139988283
15140530791
15140690199
15140692717
15140748665
15140905395
15140995073
15141000321
15141036980
15141055091
15141204008
15141420526
15141425092
15141529596
15141628618
15141705452
15141810119
15141911719
15141912049
15142152066
15142398711
15142499432
15142512052
15142539796
15142565025
15142782302
15142783217
15142791698
15142871726
15142924242
15143016651
15143060948
15143077391
15143086708
15143096587
15143158582
15143181613
15143267769
15143291208
15143295162
15143331582
15143666783
15143855560
15144153732
15144157072
15144254237
15144268926
15144278795
15144442670
15144465664
15145005981
15145037033
15145210615
15145345892
15145360421
15145383508
15145421465
15145450090
15145474452
15145545317
15145561897
15145760551
15145795735
15145818940
15145904212
15145927771
15145993927
15146150604
15146215972
15146246441
15146280135
15146301106
15146350134
15146350713
15146489102
15146612772
15146616366
15146959602
15147048639
15147073665
15147120353
15147268460
15147330793
15147398030
15147409200
15147802093
15147848004
15147850363
15147928479
15147959419
15147960235
15147989266
15148048203
15148111186
15148215295
15148238807
15148242006
15148246490
15148291770
15148328596
15148427277
15148463063
15148465448
15148504672
15148539700
15148603058
15148621886
15148757000
15148772155
15148838395
15148894546
15149061247
15149070607
15149125551
15149332918
15149397184
15149666423
15149813396
15150005744
15150037802
15150087329
15150208159
15150234123
15150257003
15150575920
15150628106
15150630023
15150671245
15150686077
15150760660
15150857823
15150879741
15150933427
15151066911
15151086963
15151140535
15151154821
15151207152
15151274875
15151292326
15151365552
15151505325
15151585773
15151810635
15151813348
15151850340
15152059133
15152189106
15152199090
15152271042
15152307150
15152365719
15152702732
15152731485
15152868977
15152914260
15153034263
15153121936
15153125815
15153129573
15153132544
15153151625
15153242009
15153330565
15153355447
15153380551
15153437061
15153473471
15153555230
15153580226
15153611931
15153655652
15154116603
15154125419
15154306771
15154328088
15154374397
15154593338
15154745207
15154895599
15154969994
15155112629
15155167762
15155171390
15155178767
15155183212
15155291072
15155306267
15155309537
15155328170
15155401829
15155499172
15155503165
15155618848
15155675315
15155775821
15155801226
15155814535
15155825415
15155835910
15155860853
15155935933
15155964556
15156008358
15156021697
15156056169
15156128362
15156176803
15156217626
15156400355
15156402294
15156833571
15156991552
15157420035
15157540585
15157585303
15157776908
15157778018
15157787739
15157804732
15157927074
15158024321
15158026465
15158072392
15158092921
15158095353
15158107749
15158161812
15158222443
15158226514
15158454295
15158494903
15158610577
15158675345
15158683400
15158750713
15158804082
15158805395
15158967296
15159051589
15159056538
15159566778
15159605004
15159633158
15159638922
15159661180
15159713990
15159815176
15159913325
15160041849
15160088347
15160118383
15160118800
15160290298
15160425345
15160528058
15160550656
15160679424
15160837921
15160955830
15160989052
15161008120
15161042711
15161146021
15161150311
15161320686
15161469467
15161581533
15161971549
15162127779
