15162130168
15162139691
15162233857
15162244035
15162256609
15162260689
15162435163
15162490675
15162606468
15162656329
15162677230
15162789271
15162827578
15162920123
15163103579
15163225762
15163390292
15163490918
15163531878
15163569912
15163649523
15163764189
15163798091
15163877007
15163890109
15163892857
15163902726
15163910288
15163970160
15164007167
15164191743
15164294249
15164370119
15164376927
15164536585
15164610025
15164669641
15164738945
15164952434
15165030053
15165030355
15165051321
15165076180
15165257290
15165258139
15165398635
15165591837
15165670223
15165781247
15165798812
15165895529
15166003946
15166095363
15166190971
15166196528
15166231011
15166393186
15166639239
15166688049
15166811940
15166915122
15166947171
15166963025
15166997271
15167008670
15167016701
15167038116
15167042632
15167100992
15167133423
15167155247
15167191183
15167191412
15167319956
15167528924
15167535395
15167555732
15167795683
15167811522
15167903100
15167924589
15168030201
15168036148
15168084410
15168220617
15168280500
15168303265
15168319442
15168329345
15168437186
15168530683
15168624038
15168802182
15168817778
15168872017
15168878270
15168998717
15169001906
15169065993
15169082297
15169088792
15169168167
15169180860
15169182390
15169225002
15169298152
15169360958
15169391698
15169396909
15169641805
15169652252
15169675080
15169819111
15169889963
15169893063
15169940081
15170028504
15170034385
15170080864
15170135517
15170245494
15170362243
15170441926
15170447613
15170640394
15170650073
15170798467
15170977403
15170999483
15171029382
15171034789
15171083094
15171271084
15171301706
15171451954
15171481368
15171804369
15171823118
15171868070
15171900001
15171955956
15172004965
15172005380
15172204401
15172337719
15172374318
15172512069
15172523063
15172708204
15173021640
15173093182
15173221291
15173243325
15173252185
15173347703
15173416261
15173501262
15173615017
15173699348
15173727825
15173738803
15173781623
15173818482
15174245676
15174287709
15174329433
15174352429
15174369640
15174384916
15174389777
15174390879
15174455766
15174488315
15174559161
15174564344
15174593819
15174768567
15175147599
15175166460
15175195022
15175199642
15175244246
15175392064
15175559670
15175635964
15175685108
15175864440
15175949930
15175975904
15175976563
15176031539
15176037794
15176095058
15176139592
15176237170
15176365169
15176541021
15176626061
15176654145
15176695441
15176766352
15176790213
15177295328
15177323800
15177735523
15177738961
15177787652
15178027410
15178085487
15178207349
15178305633
15178447580
15178572337
15178715136
15178791304
15178801907
15179103771
15179161399
15179227894
15179246163
15179403058
15179450953
15179495374
15179726489
15179803276
15179810805
15180116061
15180156737
15180163156
15180182748
15180190969
15180375945
15180395864
15180405370
15180460694
15180597809
15180608548
15180706579
15180720146
15180786921
15180869509
15180884789
15180903551
15181002962
15181067363
15181144110
15181262708
15181406202
15181577329
15181583693
15181618208
15181634955
15181641665
15181678118
15181706497
15181853433
15181873150
15181901538
15182005036
15182005490
15182015228
15182038627
15182041993
15182059507
15182097669
15182162116
15182188351
15182279370
15182504639
15182581245
15182825770
15182859322
15182951088
15183344762
15183460747
15183619173
15183766539
15183987044
15184186591
15184201251
15184297076
15184427018
15184463994
15184468286
15184536377
15184602122
15184617273
15184700480
15184724016
15184750374
15184778277
15184792592
15185018097
15185101573
15185125555
15185160119
15185189562
15185233964
15185246575
15185263065
15185274913
15185372950
15185389584
15185477652
15185484431
15185486078
15185540009
15185542530
15186017897
15186281895
15186340758
15186610601
15186709159
15186762033
15186835131
15186901881
15186926226
15186938322
15186990964
15187243075
15187275602
15187714119
15187787898
15187823945
15188092815
15188253005
15188316545
15188329366
15188334017
15188516970
15188531103
1518856289
15188638859
15188761812
15188792750
15188838989
15188983180
15189015386
15189119371
15189186137
15189268321
15189350358
15189394898
15189399775
15189406571
15189474435
15189585523
15189642627
15189719166
15189791038
15189800398
15189830796
15189852826
15189875179
15189935685
15190060054
15190067061
15190161049
15190199833
15190212718
15190240005
15190240182
15190280153
15190285801
15190314813
15190335005
15190400600
15190679019
15190759067
15190800086
15191086999
15191311962
15191500803
15191515959
15191739459
15191747663
15191910005
15191917436
15191962090
15191975484
15192030128
15192093817
15192118360
15192181876
15192191563
15192261539
15192482003
15192530770
15192553206
15192662071
15192690709
15192779743
15192790213
15192879655
15192884490
15192981361
15192982552
15193009757
15193150335
15193309601
15193436197
15193587850
15193693287
15193746924
15193823565
15193827535
15193863831
15193869278
15193925419
15194140476
15194151625
15194431241
15194671204
15194797173
15194996924
15195011292
15195028836
15195064041
15195289182
15195340818
15195363668
15195503636
15195503771
15195660229
15195777245
15195808164
15195808783
15195809601
15195852940
15195904929
15195919228
15195959060
15195965705
15195967823
15195986704
15195987760
15195990204
15196186291
15196286551
15196384796
15196399904
15196425820
15196505747
15196592205
15196610305
15196616022
15196631289
15196639154
15196875020
15196945545
15196996516
15197039972
15197199106
15197320171
15197443663
15197731019
15197800651
15197914052
15197984891
15198003416
15198005335
15198011015
15198051973
15198174540
15198191062
15198258716
15198277801
15198359331
15198710982
15198749359
15198794679
15198855042
15199038205
15199079987
15199098907
15199116434
15199177196
15199181720
15199338758
15199578638
15199580737
15199629562
15199680180
15199695725
15200016109
15200023107
15200118275
15200176179
15200321315
15200330867
15200348157
15200593383
15200847719
15200869058
15200892247
15200936075
15201001886
15201021755
15201027710
15201031103
15201031475
15201048696
15201067690
15201152511
15201152611
15201171638
15201205976
15201243186
15201244263
15201316134
15201352660
15201423117
15201513432
15201579588
15201612726
15201706181
15201776353
15201793557
15201798095
15201800591
15201801182
15201856310
15201993563
15202051878
15202098913
15202108212
15202112108
15202112204
15202120392
15202131620
15202183257
15202279266
15202293996
15202445007
15202464240
15202517656
15202599899
15202600747
15202613900
15202618585
15202690926
15202811983
15202814918
15202827875
15202842109
15202887959
15203215706
15203217710
15203400845
15203405720
15203464093
15203527116
15203539903
15203775477
15204067754
15204468899
15204487525
15204524561
15204556273
15204657589
15204673021
15204690725
15204691708
15204744461
15204771121
15204824325
15204949968
15204982216
15205133636
15205136325
15205152881
15205165472
15205185675
15205197308
15205218859
15205315313
15205540983
15205543828
15205581321
15205616050
15205643077
15205761811
15205875409
15206032003
15206111775
15206123709
15206126338
15206171091
15206280811
15206329767
15206420903
15206588923
15206605198
15206722511
15206839440
15206947337
15207021378
15207082971
15207165882
15207491108
15207503995
15207650328
15207766148
15208023111
15208165890
15208196131
15208205759
15208231909
15208266629
15208280233
15208283038
15208293547
15208339411
15208339895
15208383698
15208416043
15208899933
15208902784
15209058905
15209152281
15209166360
15209220772
15209245347
15209258408
15209381842
15209612718
15209678465
15209717001
15209780572
15209813850
15209855173
15209922977
15209956614
15210005005
15210006684
15210039255
15210168026
15210186135
15210236992
15210249828
15210266355
15210274807
15210297303
15210318968
15210349215
15210376185
15210382952
15210383948
15210502271
15210528600
15210538756
15210565852
15210649365
15210677659
15210698742
15210722329
15210805994
15210853504
15210929218
15210945912
15210967548
15210979392
15211012106
15211081627
15211097734
15211108036
15211128543
15211135018
15211147740
15211162820
15211353955
15211409496
15211416285
15211476841
15211478523
15211501963
15211736729
15211756441
15211858147
15211897701
15212269865
15212359704
15212396707
15212469502
15212621561
15212772039
15212772070
15212782725
15212946802
15212980204
15212981571
15213171894
15213248060
15213331129
15213754966
15213791537
15214069296
15214324982
15214455059
15214498211
15214551025
15214568495
15214611320
15214678740
15214700264
15214722003
15214962200
15215035475
15215061988
15215176624
15215236913
15215312601
15215367761
15215412701
15215437978
15215483699
15215609299
15215728431
15215748757
15215788263
15215886747
15215918067
15215951512
15216106197
15216180235
15216262064
15216358234
15216368258
15216369380
15216417039
15216515625
15216555694
15216586358
15216608340
15216717328
15216826628
15216832630
15216854267
15217092210
15217115129
15217161953
15217326984
15217375626
15217409348
15217816261
15217825650
15217912392
15218073080
15218187141
15218391190
15218414122
15218555162
15218600171
15218632332
15218696691
15218716608
15218720858
15218966841
15219207348
15219238940
15219485191
15219848800
15219963541
15219984060
15219984326
15220172557
15220465493
15220749917
15220906790
15220997403
15221136007
15221185932
15221342753
15221362990
15221485869
15221611211
15221659910
15221689741
15221842614
15221899385
15221923055
15221993552
15222012569
15222087753
15222135199
15222202031
15222265627
15222266091
15222280045
15222486344
15222515307
15222529361
15222530770
15222588670
15222673900
15222697508
15222785201
15222788225
15222800135
15222800317
15222809390
15222857114
15222898693
15222976034
15223006226
15223019476
15223022797
15223064264
15223094261
15223105560
15223138515
15223181597
15223211011
15223299870
15223655217
15223827166
15223838863
15223909585
15224192797
15224201456
15224959077
15224962296
15225117659
15225153950
15225158916
15225217972
15225297932
15225327723
15225339682
15225403041
15225433803
15225478910
15225675479
15225719028
15225920063
15225933958
15225966583
15226033743
15226036178
15226054135
15226268414
15226538788
15226576184
15226639552
15226746866
15226761993
15227126036
15227199185
15227225807
15227228104
15227520516
15227676153
15227805305
15227818346
15227836211
15227837695
15227880703
15228022243
15228067025
15228241541
15228284019
15228342773
15228359980
15228392228
15228673355
15228717209
15228731016
15228872531
15228940314
15228955728
15228964765
15228973618
15228982386
15228989099
15228995275
15229000351
15229016036
15229018244
15229204188
15229382016
15229467553
15229494898
15229566134
15229582258
15230511023
15230751779
15230809853
15230981636
15231055217
15231195508
15231399321
15231504013
15231513626
15231976672
15232001226
15232041090
15232210262
15232955383
15233053231
15233218643
15233360342
15233403813
15233570516
15233587781
15233644785
15233651965
15233790080
15233806746
15234022429
15234038828
15234040703
15234167188
15234220607
15234266096
15234267545
15234297477
15234362706
15234384742
15234486438
15234525882
15234598839
15234607391
15234850869
15234854243
15235135969
15235169441
15235172695
15235203363
15235226160
15235301750
15235364646
15235365634
15235410861
15235474150
15235506820
15235605296
15235616542
15235619634
15235673001
15235720900
15235760118
15235773155
15235826436
15235849550
15235929822
15235932960
15235942471
15235969265
15235984694
15236062502
15236169752
15236223269
15236226341
15236340675
15236422277
15236685950
15236845375
15236923742
15237091662
15237105907
15237111677
15237111996
15237157429
15237169038
15237192371
15237226419
15237241881
15237326562
15237398622
15237596128
15237669308
15237806196
15238008839
15238020200
15238057897
15238128866
15238202305
15238234541
15238313738
15238391288
15238595561
15238648654
15238688213
15238753235
15238796112
15238858564
15238942171
15238962065
15239160900
15239191871
15239420554
15239438009
15239442057
15239471935
15239615290
15239628026
15239645196
15239659073
15239675813
15239773095
15239879833
15239881770
15240120106
15240127425
15240193031
15240507773
15240814790
15240933501
15241158310
15241168729
15241223632
15241395667
15241433706
15241683122
15241763431
15241781123
15241967960
15242005670
15242046510
15242052118
15242260016
15242309496
15242316441
15242498197
15242691718
15242692686
15242704084
15242777528
15242960530
15243000999
15243056662
15243105053
15243149419
15243206900
15243430823
15243655590
15243673840
15243911085
15243966826
15244443213
15244594291
15244643779
15244698768
15244748478
15244774842
15245078384
15245098382
15245124361
15245313300
15245338931
15245362262
15245422333
15245434051
15245634128
15245635789
15245758595
15245992674
15246195867
15246234699
15246245967
15246347102
15246422810
15246479552
15246620048
15246657949
15246665370
15246768950
15246770065
15246848580
15246860317
15247010873
15247046772
15247199776
15247235434
15247248878
15247274590
15247293580
15247334596
15247354532
15247589787
15247625790
15247640861
15247808051
15247831225
15247879105
15247916590
15247939566
15247945887
15247998559
15248011801
15248049080
15248121550
15248165523
15248169334
15248235567
15248249806
15248312115
15248359350
15248395150
15248452004
15248474776
15248486064
15248560178
15248848088
15249249001
15249261259
15249288973
15249289154
15249439000
15249542028
15249680135
15249808670
15249886440
15249962221
15249980584
15249999743
15250050056
15250067321
15250371571
15250412002
15250421692
15250535149
15250621254
15250638715
15250679127
15250935059
15250964038
15251020006
15251075992
1525113733
15251151290
15251237144
15251302310
15251361013
15251432200
15251502955
1525151961
15251547391
15251695273
15251701965
15251711554
15251758698
15251787259
15251811311
15251871571
15251872994
15251939326
15251951981
15251980295
15252008798
15252039601
15252083782
15252182259
15252296592
15252319170
15252417912
15252423975
15252706859
15252996530
15253108687
15253157965
15253197173
15253213286
15253214868
15253250522
15253434375
15253459285
15253486066
15253531632
15253575346
15253915561
15253933399
15254043753
15254106788
15254301777
15254507809
15254817982
15255120828
15255121718
15255168605
15255178738
15255185360
15255192074
15255205442
15255296900
15255387961
15255414273
15255437683
15255687630
15255786274
15255820388
15255865688
15256122866
15256153524
15256186518
15256198285
15256331318
15256536918
15256552442
15256581672
15256600319
15256714958
15256818018
15256850335
15256918906
15256989030
15257007526
15257040841
15257159097
15257248089
15257464252
15257750836
15257775997
15258041668
15258063834
15258142251
15258169229
15258500134
15258517611
15258521586
15258530349
15258710693
15258817128
15258826963
1525882954
15258900181
15258936552
15259323921
15259779003
15259815236
15260045649
15260311663
15260591867
15260604502
15260736722
15260806130
15260921800
15261135034
15261197152
15261223309
15261378803
15261457417
15261580163
15261600672
15261646601
15261660044
15261671698
15261808004
15261930550
15262019374
15262045182
15262229252
15262380798
15262504457
15262813335
15262981809
15262993912
15263090405
15263122337
15263130305
15263131518
15263223727
15263328952
15263684152
15263687859
15263780167
15263833383
15263928321
15264015508
15264328952
15264361360
15264368103
15264413633
15265177006
15265270930
15265310822
15265313655
15265635521
15265678875
15265840097
15266022198
15266025839
15266081141
15266084848
15266085850
15266259705
15266289947
15266378069
15266397888
15266618361
15266668497
15266673067
15266908163
15267023829
15267057278
15267066090
15267174818
15267280887
15267355150
15267378939
15267397040
15267435475
15267529046
15267665841
15267681420
15267699175
15267801240
15267940905
15267972773
15268142597
15268377387
15268415146
15268436047
15268455978
15268506116
15268542135
15268610509
15268695871
15268808058
15268852829
15268916690
15268957615
15269022298
15269125552
15269197052
15269213212
15269258322
15269318781
15269367257
15269371331
15269525416
15269609969
15269653598
15269660066
15269867270
15269919100
15269944967
15270030263
15270174356
15270186189
15270225572
15270292781
15270411839
15270513250
15270801397
15270861984
15270933925
15270999229
15271027287
15271087890
15271249570
15271251809
15271265434
15271269672
15271292905
15271314975
15271470032
15271647898
15271688868
15271781771
15271858871
15271927359
15272009730
15272128887
15272362981
15272753908
15272792705
15273208088
15273265600
15273279592
15273288501
15273325633
15273385358
15273478868
15273523915
15273667319
15273816162
15273839799
15273845748
15274071568
15274332991
15274523752
15274763772
15274820760
15274857957
15274943966
15274979765
15275171270
15275234461
15275251539
15275257927
15275265563
15275533820
15275538966
15275538980
15275538988
15275538999
15275674258
15275720682
15275732076
15276214048
15276272222
15276420970
15276448916
15276502014
15276529366
15276687265
15276713597
15276780118
15276782023
15276786415
15276827908
15276861189
15276863853
15276888708
15276905029
15276923743
15277060724
15277136456
15277247112
15277373561
15277385741
15277669966
15277711034
15278140470
15278865930
15278984812
15279107340
15279227106
15279290218
15279381026
15279504236
15279582718
15279588191
15279608475
15279617026
15279629302
15279703467
15280016374
15280090144
15280091654
15280217017
15280277183
15280282721
15280306511
15280641625
15280670483
15280759565
15280918054
15280931899
15281020854
15281228146
15281253411
15281337909
15281800082
15282010133
15282040006
15282040362
15282142834
15282269990
15282391724
15282562264
15282621611
15282621896
15282707785
15282873505
15282987403
15283062316
15283224540
15283289122
15283461674
15283602427
15283744742
15283809662
15283873952
15283885371
15283889931
15283918765
15283924832
15283948081
15283956939
15284005921
15284027595
15284041235
15284165260
15284180892
15284191297
15284420202
15284463690
15284613774
15284729477
15285018497
15285063554
1528510865
15285165341
15285185143
15285192654
15285227950
15285360786
15285376657
15285557254
15285583679
15285588293
15285602134
15285646829
15285658668
15285762863
15285779305
15285820086
15285970634
15286127331
15286196800
15286429070
15286458967
15286820256
15286820486
15286882034
15286924546
15286968516
15287048560
15287067078
15287073305
15287105728
15287115312
15287171954
15287190727
15287217572
15287333312
15287342874
15287353690
15287446072
15287681006
15287796274
15288080869
15288103821
15288113262
15288153165
15288170364
15288260413
15288298681
15288320965
15288334956
15288363618
15288595200
15288709021
15288807177
15288851880
15288878985
15288881515
15288924989
15288928359
15288987509
15289155054
15289257667
15289352889
15289391983
15289498963
15289564690
15289630745
15289960021
15290131315
15290211619
15290212172
15290283025
15290295681
15290302233
15290391901
15290402702
15290419524
15290430989
15290537041
15290542582
15290557974
15290744309
15290767362
15290867542
15290871080
15290913002
15290929297
15290942345
15290991981
15291073522
15291303229
15291390721
15291396478
15291462064
15291591045
15291704095
15291760426
15291792751
15291842407
15291865201
15291971565
15291976689
15292002630
15292032751
15292109020
15292253917
15292269863
15292297206
15292612882
15292752672
15292791060
15292890310
15292957891
15293035006
15293059320
15293066599
15293113632
15293173897
15293187421
15293264105
15293526792
15293553366
15293557808
15293731940
15294002342
15294317861
15294352600
15294670731
15294688091
15294813208
15294818093
15294986992
15294995410
15295060651
15295062717
15295105606
15295121794
15295133028
15295175571
15295216535
15295250400
15295308081
15295308751
15295430309
15295584597
15295586290
15295640500
15295732801
15295782010
15295795032
15295890869
15296006537
15296161767
15296205739
15296345215
15296346800
15296400345
15296619165
15296660978
15296708998
15296806639
15296901994
15296929937
15297005282
15297127339
15297194068
15297205088
15297309930
15297378621
15297397097
15297731055
15297825670
15297868052
15297944775
15297949447
15297981032
15298007324
15298058912
15298079909
15298129184
15298228097
15298239752
15298536556
15298637594
15298735881
15298750228
15298771238
15298771586
15298798179
15298855922
15298942935
15298947180
15298951101
15299035498
15299055013
15299058712
15299079257
15299182876
15299343595
15299351205
15299556313
15299643856
15299702264
15299783924
15299820088
15299941889
15300052251
15300151210
15301398389
15301404507
15301690159
15302080072
15302111129
15302184308
15302233547
15303103155
15303158360
15303207391
15303481218
15303518097
15303787678
15303882516
15303890727
15304502891
15304654737
15304720415
15305173158
15305282108
15305286771
15305510303
15305596116
15305632613
15305643771
15305779658
15306063021
15306197900
15306362531
15306478150
15306572656
15306723138
15306756990
15307110821
15307372783
15307479108
15308009654
15308049106
15308128811
15308213421
15308306259
15309122828
15309135610
15309229062
15309278792
15309438024
15309655882
15309676573
15309686630
15309725993
15309925110
15309967959
15310162890
15310213618
15310274688
15310320925
15310423480
15310450195
15310620883
15310845043
15310872779
15310888617
15311000299
15311000701
15311439648
15311491012
15311509378
15312026339
15312094965
15312262630
15312418569
15312487189
15312731127
15312791413
15313135167
15313147149
1531453666
15314603038
15315162737
15315266781
15315269876
15315467260
15315753415
15315810926
15316711893
15318198497
15318352825
15318687253
15318789110
15318868068
15318884986
153189491
15319014024
15319095751
15319156063
15319181896
15319265886
15319268630
15319438070
15319486842
15319850898
15319985045
15320115689
15320218478
15320376453
15320482039
15320493987
15321085131
15321781638
15321921556
15322133950
15322646090
15322864678
15323369611
15324012626
15324119598
15325526587
15325691297
15325788582
15326008169
15326147626
1532657415
15326736371
15327050657
15327188825
15327243176
15327306602
15327394630
15327442593
15327444380
15327709739
15328228803
15328341189
15328353651
15328447046
15328847699
15328983238
15328986512
15329108157
15329180772
15329301383
15329587511
15329680948
15330014954
15330018768
15330030899
15330257082
15330285617
15330309924
15330977999
15331403631
15331732838
15332086333
15332198810
15332253552
15332293555
15332361633
15332373683
15332373768
15332436687
15332518068
15333021483
15333132123
15333189280
15333603444
15333752881
15334369332
15334385370
15334757470
15335455098
15335565674
15335907836
15335925706
15336352806
15336383677
15336599996
15336644198
15337148186
15337370585
15338531527
15339082295
15339104641
15339133399
15339142065
15339213008
15339699337
15339761517
15339776012
15340500598
15340689416
15340807561
15340875005
15343088232
15343219460
15343275517
15343308453
15343891877
15343947067
15344405677
15344628282
15345231909
15345452706
15345817543
15347224270
15347302779
15347523237
15348354323
15348540861
15348557357
15349232410
15349319358
15349319605
15349525469
15350069668
15350162850
15350302663
15350378997
15350548316
15350556247
15350732883
15350761090
15351200550
15351331635
15351528373
15351775590
15352023842
15352214662
15352303082
15352552497
15352571515
15353144528
15353439660
15353515672
15353526991
15353592324
15353684341
15353827963
15354223555
15354612665
15354826985
15355131366
15355247688
15355525440
15356680661
15356855769
15357824546
15358081375
15358310214
15358656408
15358822357
15359233726
15359258458
15359581671
15359828638
15360187263
15360333200
15360410635
15360574231
15360662100
15361719716
15361753159
15362100257
15362688627
15362750274
15363123645
15363879331
15364268637
1536427201
15364513271
15364724685
15364969603
15364998813
15365018625
15365277087
15365389979
15365763122
15366066328
15366403327
15366798378
15367080265
15367169867
15367376689
15367720906
15367803667
15367867862
15368011171
15368021705
15368234672
15368313269
15368546797
15368766608
15369306189
15369323931
15369515153
15369671495
15369933771
15369958779
15370228466
15370248709
15370406912
15370456766
15370533130
15371006607
15371029123
15371256488
15372028698
15372414797
15372601531
15372650663
15372679294
15372948893
15373235585
15373891177
15374557699
15374844110
15375106982
15375351576
15375356302
15375571234
15376035453
15376068906
15376704266
15376726233
15376756628
15376796149
15376918085
15377011005
15377250430
15377263110
15377437128
15377818853
15378096116
15378189655
15378355831
15378379706
15378474498
15378519066
15378883806
15378919892
15379063646
15379069512
15379078778
15379226618
15379292108
15379878692
15379899663
15380090009
15380312461
15380551500
15380832535
15380847532
15381630488
15382379137
15382903399
15383201796
15383331616
15383489311
15383899203
15384633759
15384717686
15384721957
15384883393
15385624250
15385897184
15386533088
15386567395
15386608443
15386617275
15386681080
15386687959
15386795544
15386865524
15386885097
15386925669
15387018052
15387342798
15387544710
15387873029
15388097659
15388108313
15388159914
15388288512
15388391799
15388604225
15389040992
15389101318
15389248820
15389296122
15389434246
15389434546
15389461166
15389461550
15389463000
15389556162
15389679793
15389693096
15389769797
15389800606
15389852777
15389879099
15390011483
15390038082
15390385580
15390421998
15390425619
15390462218
15390480510
15390698692
15390823168
15390831003
15390921339
15391345982
15391448335
15391529090
15391640768
15392037119
15392799966
15392832227
15392966086
15393161802
15393179707
15393755221
15394295885
15394416928
15394970245
15395192526
15395198172
15395333929
15395426587
15395472810
15395560916
15396147599
15396678564
15396683485
15396998511
15397708048
15398041928
15398092311
15398305683
15398319575
15398487225
15398505942
15398776880
15399181851
15399239044
154
154455995chensi
154527677
15500231239
15500546006
15500608463
15500609168
15500790426
15501015251
15501020584
15501097129
15501133117
15501136887
15501702053
15501835178
15501848979
15501850670
15501881355
15501886255
15501925972
15502085038
15502110920
15502288928
15502296863
15502499969
15502960725
15503170606
15503276124
15503472388
15503573332
15503590617
15503599114
15503621280
15503712887
15503890305
15503920287
15504087272
15504110199
15504227255
15504273316
15504395577
15504403105
15504781573
15504908928
15504948160
15505198851
15505263360
15505380929
15505521199
15505525119
15505807373
15505901684
15505944797
15506021141
15506054045
15506056945
15506068693
15506321899
15506339081
15506418415
15506499331
15506581338
15506762716
15507476824
15507901852
15508288898
15508396665
15508512660
15508514761
15508630335
15508659311
15508659399
15509431729
15509613915
15509614720
15509997017
15510131615
15510157369
15510330785
15510616009
15510802933
15510912844
15510932613
15510939688
15510976863
15511072656
15511392590
15511630558
15511634319
15511679985
15511854175
15512164246
15512181107
15512192149
15512199510
15512271371
15512291689
15512375866
15512498515
15512697631
15512875929
15512898320
15512937937
15513045898
15513180643
15513981114
15514679850
15514870119
15514931391
15514971198
15515030814
15515042824
15515083360
15515373992
15515393539
15515500532
15515582911
15515598243
15515622293
15515676813
15515877687
15516328859
15516423998
1551642637
15516460506
15516484091
15516507275
15516672823
15516696876
15516705745
15516921725
15516986276
15517152532
15517304100
15517308858
15517368771
15517592138
15517679168
15517691637
15517712127
15517978361
15518012659
15518028950
15518045805
15518213806
15518217882
15518252758
15518279909
15518283491
15518562117
15518572908
15518589250
15518601246
15518787900
15518868095
15518923799
15519028909
15519377722
15519696303
15519922626
15520055955
15520057605
15520075640
15520122574
15520300772
15520738149
15520866115
15521003360
15521010349
15521020283
15521045624
15521066207
15521112168
15521132338
15521153641
15521154371
15521196467
15521205001
15521234057
15521258586
15521263391
15521273874
15521274762
15521322253
15521330388
15521334508
15521384144
15521387487
15521393320
15521395134
15521591974
15521734217
15521815163
15521993950
15522036688
15522335071
15522347340
15522425109
15522500681
15522517678
15522572365
15522595476
15522887066
15522943581
15523000447
15523114834
15523274370
15523418188
15523602849
15523788265
15523874164
15524026133
15524037970
15524224799
15524390392
15524441368
15524700376
15524733575
15524764881
15524832226
15524943136
15525541777
15525704111
15525966323
15525977333
15526059199
15526144833
15526524009
15526810099
15526855383
15527098942
15527202706
15527418758
15527466276
15527586292
15527657427
15527705350
15527721319
15527737712
15527777076
15527798140
15527835075
15527878330
15527914093
15527979208
15527984261
15528018178
15528025897
15528076201
15528101080
15528262806
15528285285
15528286386
15528287273
15528336160
15528357855
15528417172
15528496268
15528498230
15528500068
15528707676
15528766931
15528868519
15529018638
15529061285
15529087830
15529148235
15529380135
15529588517
15529590776
15529662079
15529676122
15530069593
15530225232
15530304313
15530403526
15530590773
15530729767
15530935975
15530943152
15530956697
15531198436
15531443390
15531591328
15531638758
15531778300
15531986798
15532067649
15532886070
15532956891
15533079382
15533337186
1553337186
15533718331
15533831706
15533959357
15534547538
15534592666
15534796978
15535009798
15535169383
15535543568
15535919993
15536580753
15536722812
15536731018
15536833627
15536988293
15537012998
15537309163
15537318780
15537353524
15537419833
15537549891
15537691629
15537778793
15537813852
15538034623
15538089010
15538127367
15538209897
15538283502
15538296276
15538399812
15538556186
15538701596
15538720852
15538765494
15538765877
15538774625
15538806146
15538832460
15538858938
15538869533
15538881038
15538885249
15538986707
15539030606
15539040807
15539053801
15539064750
15539120228
15539181042
15539210052
15539288556
15539338991
15539361322
15539377665
15539590802
15539731557
15539863318
15539913298
15539966050
15539996469
15540058485
15540130561
15540252712
15540381140
15540422169
15540696962
15540747338
15540837799
15541064955
15541156750
15541170578
15541228818
15541416597
15541420207
15541519269
15541647075
15542167028
15542258912
15542419872
15542635626
15542774225
15543006206
15543128568
1554328678
15543289182
15543419475
15543588773
15543601837
15543699309
15544029707
15544208601
15544299560
15544701543
15545135365
15545195198
15545230239
15545632194
15545810186
15546240408
15546252583
15546467086
15546675731
15546698807
15546708069
15546793769
15547115721
15547617777
15547967509
15549148174
15549230972
15549461303
15549496812
15549590929
15549693181
15550006727
15550023951
15550046067
15550072990
15550365218
15550400007
15550531560
15550638739
15550917683
15550925542
15551316201
15551426309
15551458519
15551471225
15551527881
15551551760
15551666597
15551697029
15551757289
15552028904
15552136646
15552288500
15552329599
15552431590
15552762106
15552815263
15553109615
15553112312
15553159252
15553226608
15553302936
15553366990
15553560231
15553626662
15553791959
15553822690
15553850510
15553976680
15554155009
15554161003
15554210629
15554336672
15554476615
15554775711
15554997495
15555430306
15555482663
15555497708
15555549500
15555643481
15555761044
15555808805
15555891380
15555959879
15556139373
15556361731
15556390225
15556551598
15556574172
15556693112
15556802310
15556826618
15556908053
15556909023
15556931518
15557022423
15557881188
15558058429
15558325188
15558657841
15558823005
15558928058
15559023897
15559273781
15559348264
15559350026
15559356678
15559363614
15559758065
15559762487
15559792466
15559952366
15560174740
15560182320
15560191080
15560414656
15561255882
15561360807
15561515671
15561570369
15561675231
15561742777
15561810558
15561887187
15561923636
15562115630
15562124966
15562727866
15562858127
15562921977
15563414266
15563475611
15563750207
15563877810
15563899010
15564156557
15564173586
15564530388
15564756797
15564841989
15565129627
15565139659
15565239283
15565250986
15565311607
15565376592
15565601451
15565611986
15565621864
15565718331
15566249780
15566573492
15566677411
15566776587
15566888197
15566932326
15567058725
15567451515
15567560556
15567672895
15567718280
15567838860
15568127055
15568716187
15568798302
15568821621
15569092116
15569126973
15569157746
15569300258
15569462555
15569562642
15569993951
15570363785
15570730693
15570770285
15570855073
15570884357
15570909914
15570951676
15570954479
15571228432
15571237806
15571819722
15571931368
15572033391
15572119180
15572326352
15572388598
15572414516
15572667886
15572743332
15572787808
15572899288
15573088881
15573106738
15573158840
15573163253
15573321916
15573361509
15573437048
15573490060
15573513417
15573517765
15573635343
15573667267
15573699529
15573736167
15574352182
15574354878
15574571111
15574774595
15574782940
15574794442
15574795094
15574804919
15574878806
15574914970
15575183461
15575204735
15575220246
15575371875
15575378431
15575499331
15575586098
15575708023
15575813425
15575820384
15575824684
15575877107
15575886429
15575901510
15575923446
15575944672
15575976413
15575980584
15576017714
15576224310
15576259502
15576533773
15576545017
15576592211
15576808427
15577025790
15577287671
15577414997
15577657899
15578066991
15578110927
15578188203
15578225175
15578371367
15578907860
15579102660
15579131964
15579158756
15579175196
15579183950
15579990628
15580025674
15580060466
15580070711
15580187627
15580197197
15580447209
15580491259
15580739630
15580750367
15580778989
15580967926
15581032038
15581643500
15582380900
15582874567
15582881631
15582894797
15583218015
15583278878
15583369509
15583555533
15583585319
15583598325
15583797998
15583880449
15584009976
15584187446
15584205089
15584210063
15584230211
15584295917
15584330246
15584332074
15584339699
15584834061
15585571601
15585587029
15585738080
15585813333
15586230869
15586642971
15587036436
15587207660
15587219361
15587222348
15587259524
15587455738
15587612448
15588078263
15588218821
15588261456
15588352009
15588412461
15588544191
15588653857
15588723721
15588789153
15588806501
15588871727
15588898922
15588982776
15589165066
15589207513
15589241915
15589535255
15589583790
15589697355
15589726596
15590272010
15590286191
15590533191
15590541029
15590627590
15590960538
15591605800
15592175394
15592267295
15592523391
15592662180
15593183358
15593310000
15593339123
15593413936
15593842015
15594565579
15594914919
15594992861
1559512387znx
15595450806
15595568002
15595895457
15595896571
15596137986
15596309296
15596711912
15597013475
15597048976
15597153339
15597448768
15597571317
15597826007
15597879762
15598291381
15598587662
15599093050
15599159000
15599515607
15600349023
15600483211
15600604032
15600608403
15600661197
15600693298
15600720077
15601120571
15601192292
15601237758
15601470880
15601587697
15601830317
15601862055
15601932799
15602090895
15602159750
15602180782
15602218634
15602285196
15602325609
15602351545
15602487016
15602849331
15602929805
15602974075
15602981392
15602987985
15603054499
15603062608
15603226827
15603245779
15603329963
15603379700
15603500118
15603572645
15603604007
15603791970
15604071772
15604099181
15604220977
15604562252
15604572611
15604612760
15604666000
15604816311
15604877089
15605036975
15605125321
15605159596
15605188319
15605290338
15605292509
15605329110
15605346659
15605426356
15605512741
15605613100
15605625995
15605941233
15606004371
15606016587
15606108281
15606168328
15606400852
15606609202
15606663330
15606929368
15606978275
15607106995
15607301740
15607413077
15607532657
15607618518
15607682838
15607773126
15607879927
15607909667
15608035808
15608201751
15608210235
15608308274
15608319539
15608369061
15608436146
15608436784
15608451532
15608653861
15608681843
15608729492
15608747496
15608761260
15609023769
15609152126
15609223691
15609269722
15609479753
15609482228
15609647967
15609845575
15609863358
15609938095
15609982472
15609991616
15610031381
15610047325
15610065195
15610191997
15610239608
15610415739
15611023422
