15611057477
15611198052
15611319437
15611452766
15611651328
15612173846
15612245878
15612308319
15612318847
15612602719
15613181852
15613221757
15613409735
15613413110
15613419606
15613809685
15614168163
15614231526
15615111963
15615258933
15615297168
15615312798
15615317023
15615380695
15615460661
15615643642
15615652512
15615755097
15615789825
15615855340
15616023443
15616146547
15616182002
15616189319
15616221732
15616237934
15616277396
15616284236
15616286578
15616330800
15616679147
15616766564
15616838463
15617076565
15617131150
15617133037
15617228722
15617366085
15617431050
15617526024
15617537111
15617653858
15617731225
15617774568
15617816143
15617837873
15617854862
15617910591
15617995929
15618034526
15618041097
15618104957
15618158662
15618301236
15618334669
15618385860
15618511302
15618553360
15618567522
15618580977
15618652131
15618710919
15618751105
15618837323
15618923566
15618957307
15618977308
15619100077
15619123995
15619168027
15619250309
15619256731
15619461382
15619512760
15620011360
15620220967
15620363788
15620390674
15620390803
15620506232
15620512840
15620514761
15620520900
15620562125
15620606052
15620607833
15620612580
15620636396
15620688846
15620692717
15620695735
15620743258
15620836798
15620935229
15620957209
15620964080
15620987751
15621060981
15621121612
15621470781
15621552279
15621552399
15621561045
15621589232
15621589329
15621599592
15621725888
15621788536
15622089638
15622108361
15622125936
15622190242
15622202247
15622223346
15622273421
15622300220
15622350756
15622357580
15622377523
15622383177
15622386836
15622550923
15622597350
15622622031
15622719977
15622722852
15622766751
15623032484
15623056265
15623178914
15623564613
15623893135
15623912175
15624214696
15624237170
15624501959
15625173830
15625292729
15625326127
15625437010
15625528209
15625598853
15625634702
15625659613
15625688172
15625800365
15625901292
15625911340
15625997320
15626154276
15626155087
15626180061
15626181934
15626186581
15626206300
15626211159
15626211341
15626217899
15626236823
15626240339
15626246498
15626251233
15626254672
15626266818
15626419564
15626475489
15626485136
15626498139
15626566752
15626585331
15626599702
15626606285
15626628412
15626838314
15626969746
15627021364
15627082568
15627089879
15627236501
15627340033
15627387546
15627511936
15627575020
15627581241
15627898399
15628612577
15628888676
15628982172
15628992773
15629071705
15629388239
15630288786
15630416747
15630638887
15630660749
15630771974
15631101034
15631131319
15631134269
15631152410
15631169230
15631229019
15631682488
15631705711
15632025698
15632040066
15632061209
15632168194
15632311956
15632534372
15632611408
15632729270
15632780636
15632967315
15633190969
15633736368
15633831995
15633959707
15634058689
15634107626
15634128028
15634316530
15635598090
15635760407
15635955821
15635985652
15636194520
15636240206
15636495590
15636534086
15636670701
15636808755
15636811751
15636865802
15636953777
15637082320
15637154600
15637156309
15637161507
15637175599
15637226826
15637251627
15637305676
15637562752
15637619371
15637685575
15637705121
15637772898
15637787595
15637845090
15637921860
15637931190
15637958800
15638085764
15638106457
15638115240
15638125638
15638171372
15638177076
15638557135
15638852063
15638902888
15638920892
15638984513
1563905519
15639065519
15639082774
15639168853
15639216600
15639260168
15639301269
15639472117
15639608887
15639635911
15639666748
15639708013
15639766810
15639898566
15639903984
15640337989
15640410290
15640571795
15640591306
15640609184
15640656077
15640658887
15641009700
15641449115
15641670658
15641815363
15641934677
15642060177
15642185123
15642200918
15642245270
15642356913
15642399979
15642700133
15642836036
15643391560
15643512919
15643633060
15643996304
15645132807
15645155595
15645371496
15645392595
15645438086
15645933377
15647041116
15647049390
15647234959
15647236580
15647569866
15647581299
15648415356
15648428903
15648658252
15649353606
15649914373
15649958257
15650131842
156505519
15650733584
15650733742
15650763393
15650793443
15651007958
15651008986
15651026217
15651120325
15651167771
15651240365
15651313938
15651316918
15651333906
15651355707
15651621985
15651688208
15651701663
15651722361
15651763663
15651796305
15651876117
15651977292
15652178861
15652249230
15652342645
15652365046
15652535329
15652580588
15652613457
15652700191
15652798010
15652807335
15652906736
15652915596
15652960601
15653105556
15653211920
15653441161
15653908882
15655119779
15655136583
15655172891
15655232751
15655255283
15655255920
15655336113
15655596970
15655868315
15655897960
15655950727
15656106023
15656119330
15656172587
15656180002
15656285268
15656289992
15656684950
15656817939
15656892728
15657131071
15657476191
15658148769
15659120438
15659142893
15659145405
15659154657
15659159618
15659186583
15659280980
15659316369
15659452886
15659517670
15659715180
15659737248
15659751052
15659781656
15659795945
15659820820
15659827278
15659895386
15659969997
15659986568
15660005102
15661025631
15661110365
15661131698
15661318214
15661360142
15661368256
15661681649
15662123222
15662220938
15662316117
15662394778
15662401006
15662461717
15662565519
15662599959
15662616438
15662725987
15662958036
15662971466
15663010718
15663689759
15663775317
15664320011
15665459462
15665616683
15665630226
15665716558
15665787210
15666069107
15666137718
15666206749
15666220837
15666318022
15666355552
15666526553
15666720759
15667063991
15667067376
15667888214
15668025388
15668077900
15668350873
15668507288
15668655826
15668694316
15669069678
15669756454
15669905605
15670198815
15670217920
15670385547
15670507955
15670573791
15670578283
15670586865
15670669002
15670820000
15670821114
15670999199
15671079436
15671213887
15671551218
15671593096
15671640152
15671675141
15673061225
15673078687
15673200283
15673300928
15673343795
15673421934
15673433996
15673645354
15673735265
15674553559
15674638924
15674737753
15674811216
15674814036
15674830006
15674845616
15674882342
15674914852
15674999640
15675162446
15675377750
15675486171
15675692387
15675765693
15675827610
15675833659
15675911276
15675966718
15676067539
15676121960
15676140720
15676750683
15676758761
15676791586
15677003235
15677118115
15677157761
15677186201
15677194587
15677209569
15677983630
15678097770
15678160563
15678311073
15678311731
15678337421
15678492152
15678788706
15678839871
15678841145
15678993436
1567965179
15679652179
15679753557
15679759014
15679919917
15679952276
15680039291
15680175101
15680245219
15680455210
15680525367
15680535782
15680582241
15680615316
15680690097
15680794434
15680819597
15680900203
15680928719
15680960317
15681025257
15681287302
15681688168
15681706370
15681927618
15682070671
15682123558
15682133176
15682566053
15682743649
15683047684
15683188261
15683421797
15683518379
15683749521
15683772492
15683786502
15683790597
15683972216
15684017525
15684039851
15684289680
15684376159
15684957913
15685098403
15685596999
15685693722
15685773138
15685887637
15685981255
15686053032
15686060725
15686297520
15686619207
15687234247
15687235230
15687303578
15687713747
15687898888
15688112059
15688354047
15688593462
15688596162
15688907192
15689031336
15689184098
15689405305
15689638598
15689782403
15689842672
15689986131
15690057683
15690084874
15690681985
15690698829
15690761119
15690849060
15690912497
15690920456
15690962571
15690989709
15691269387
15691630076
15692025574
15692026627
15692106683
15692159360
15692268273
15692276542
15692338158
15692405258
15692996600
15693103232
15693309619
15693312874
15693346826
15693536051
15693686301
15693718959
15694006636
15694151903
15694168477
15694212030
15694315196
15694590707
15695009391
15695255566
15695404106
15695882867
15695921840
15695977611
15695989784
15696073447
15696117006
15696149078
15696742590
15696921636
15697001124
15697363766
15697512266
15697583729
15698055302
15698440750
15698483017
15698631092
15698757006
15699103083
15699220805
15699572635
15699622424
15699887779
15700095536
15700187340
15700327076
15700557960
15700580503
15700701600
15700719642
15700759771
15700767040
15700803653
15700810263
15700962279
15700985518
15701372923
15701683925
15701685275
15701721293
15701985169
15702410702
15702413187
15702434375
15702688519
15703026223
15703053973
15703075595
15703078095
15703080009
15703309567
15703313131
15703431915
15703906995
15703951139
15703971228
15704040790
15704040879
15704118616
15704460698
15704460805
15704481039
15704482003
15704579276
15704702799
15704896212
15704950594
15704958178
15704995100
15705200707
15705481229
15705549740
15705595153
15705598578
15705668850
15705695058
15705801713
15705814300
15705818651
15705920403
15705931613
15705960927
15705987076
15705991536
15706091102
15706095426
15706567674
15706635475
15706779895
15706855303
15706873579
15707032548
15707619974
15707725920
15707970428
15708178326
15708271149
15708329443
15708442377
15708473593
15708497980
15709249367
15709280473
15709327203
15709451469
15709608473
15710011920
15710454547
15710516777
15710738966
15711107806
15711385879
15711522122
15711547560
15711962118
15711989886
15712001244
15712202644
1571228589
15712317734
15712400239
15712465539
15712573454
15712677409
15712755309
15712808916
15712877298
15712997255
15713149949
15713596154
15713597983
15713610742
15713633978
15713699920
15713713130
15713714859
15713730668
15713762942
15713903116
15713925112
15714214411
15714271598
15714308308
1571456947
15714705381
15714885863
15714889281
15715005811
15715162117
15715193863
15715208121
15715235352
15715628785
15715697783
15715763850
15715788529
15715809452
15715868818
15716103125
15716103440
15716333457
15716426866
15716461473
15716513609
15716623259
15716702750
15716707230
15716738616
15717009506
15717016621
15717182364
15717231394
15717235648
15717247470
15717317660
15717321997
15717557486
15717710479
15717822891
15717918417
15717985782
15718129932
15718489864
15718746145
15719031896
15719162234
15719612133
15719625596
15719982060
15720331654
15720394518
15720503053
15720610162
15720610300
15720627975
15720752033
15720752769
15720897770
15720914371
15721155825
15721316686
15721377996
15721419091
15721470369
15721571605
15721911671
15721971822
15722014944
15722333959
15722508037
15722509905
15722738109
15722738989
15722809219
15722867652
15722897755
15722945710
15723020398
15723206869
15723215899
15723241725
15723319196
15723378978
15723397700
15723601281
15723605996
15723728758
15723853691
15724330289
15724575441
15724832770
15725067090
15725137020
15725251820
15725501888
15726037178
15726126032
15726251633
15726551288
15726690871
15726812017
15726875029
15727254806
15727262580
15727572758
15727677475
15727677753
15727685721
15728567686
15728870841
15728874229
15728986167
15729087670
15729090293
15729122776
15729131613
15729269636
15729286405
15729533532
15729552816
15730010055
15730053197
15730064986
15730080784
15730140802
15730143521
15730163860
15730248108
15730287332
15730335181
15730481832
15730613523
15730666563
15730698852
15730721670
15730756145
15730888057
15730981279
15731027629
15731066237
15731101179
15731118852
15731122753
15731129329
15731134521
15731410347
15731425647
15731641261
15731665881
15731684082
15731701214
15731764450
15731882305
15732030097
15732050958
15732073086
15732078631
15732139907
15732151882
15732162673
15732191314
15732196621
15732457406
15732608414
15732622183
15732685240
15732691359
15732700612
15732788511
15732904525
15733005887
15733109517
15733186609
15733198796
15733210695
15733211092
15733211908
15733227217
15733229273
15733239167
15733261647
15733264096
15733285768
15733293541
15733294215
15733480309
15733531995
15733723033
15733795992
15734007551
15734302729
15734566182
15734658126
15734664854
15734759332
15734834873
15735014506
15735085076
15735106064
15735154312
15735160733
15735166507
15735168104
15735185453
15735187190
15735290290
15735293361
15735583252
15735660973
15735802150
15735850055
15735928806
15735929507
15735937307
15735966711
15735994340
15736015835
15736018167
15736057378
15736061447
15736066950
15736075473
15736136231
15736141681
15736177315
15736227295
15736256346
15736256355
15736265530
15736267762
15736272062
15736348907
15736578490
15736581606
15736685672
15736706905
15736868522
15736872752
15736950935
15736953085
15737000388
15737057822
15737126758
15737208140
15737224362
15737225262
15737316927
15737320675
15737743965
15737817715
15737877020
15737961863
15737971356
15737973976
15737975073
15738090975
15738342550
15738397178
15738505585
15738656886
15738670821
15738673017
15738677820
15738681910
15738706223
15738760012
15738787595
15738801223
15738826884
15738836696
15738848784
15739124402
15739568364
15739575761
15739576685
15739626283
15739839087
15750015708
15750403427
15750465954
15750495247
15750538345
15750579023
15750656478
15750709323
15750719572
15750816675
15750843175
15750846626
15750877737
15750896545
15751005447
15751033368
15751141582
15751188970
15751233115
15751500156
15751737028
15751860816
15751965802
15752325120
15752466440
15752665171
15752668366
15752721950
15753172300
15753629512
15753848141
15753871690
15754035061
15754035455
15754039783
15754149852
15754151096
15754159925
15754309139
15754312616
15754313278
15754318398
15754319884
15754326410
15754366484
15754422591
15754460795
15754544110
15754603289
15754632032
15754815587
15754835525
15754849527
15754862060
15754874023
15754888481
15754914490
15754956103
15754976548
15754978697
15755055767
15755075490
15755085008
15755086983
15755157656
15755163133
15755181209
15755211997
15755257863
15755298557
15755310086
15755346106
15755364400
15755505612
15755507089
15755515801
15755533592
15755536218
15755589178
15755736998
15755767889
15755844508
15755859406
15755936204
15756016248
15756156645
15756168199
15756209236
15757104220
15757116205
15757142617
15757160843
15757163436
15757177760
15757188852
15757210338
15757372936
15757374301
15757387292
15757387408
15757387787
15757675704
15757676346
15757821134
15757829481
15757831134
15757853501
15757857476
15757870533
15757875348
15757905954
15757906654
15757908007
15757908093
15757933236
15758308404
15758540401
15758603914
15758902348
15759051513
15759185301
15759197415
15759210967
15759260889
15759266764
15759299350
15759315950
15759585528
15759838519
15759872778
15760551001
15760959746
15760996513
15761194929
15761434388
15761606515
15761631856
15761635313
15762046245
15762097980
15762193160
15762307710
15762585115
15762691529
15762696565
15762837024
15762874601
15762972336
15763009618
15763073276
15763105541
15763148271
15763163097
15763306113
15763535557
15763912660
15763944709
15764135272
15764210307
15764222941
15764226400
15764240130
15764250319
15764325525
15764336318
15764337647
15764352792
15764378264
15764396476
15764497568
15764532821
15764553258
15764685450
15764711081
15764741384
15764742956
15764758995
15764811175
15765085371
15765204115
15765456039
15765462601
15765541969
15765562741
15765596900
15765846474
15766076604
15766077907
15766226926
15766249910
15766308129
15766319695
15766486265
15766531949
15766675854
15766710859
15767160887
15767256008
15767307840
15767373789
15767451228
15767551624
15767956112
15767978083
15768010002
15768158764
15768209260
15768212727
15768309525
15768336871
15768384967
15768650716
15768714574
15768722899
15768783160
15768800625
15768896264
15769103412
15769139651
15769173786
15769393871
15769411406
15769677753
15770367121
15770559180
15770775089
15770791055
15770828885
15770900506
15770905935
15770936252
15770939097
15771056233
15771084309
15771136332
15771138893
15771180869
15771376896
15771510236
15771723312
15771733975
15771778203
15771782272
15771805075
15773003204
15773007227
15773031407
15773114835
15773144018
15773157806
15773266381
15773269415
15773276106
15773333989
15773573566
15773579764
15773900659
15773923805
15773932122
15773950191
15773974995
15774060718
15774089105
15774131280
15774565357
15774589693
15774731795
15775074861
15775081060
15775115392
15775126357
15775150902
15775153001
15775160108
15775173158
15775730912
15775861671
15775957653
15775973887
15775982173
15776075860
15776212216
15776488243
15776551180
15776561048
15776573560
15776709549
15776869468
15776896739
15776943414
15776998725
15777127704
15777220156
15777231774
15777273037
15777348558
15777628271
15777668895
15777702607
15778043922
15778155711
15778212039
15778247785
15778271558
15778386122
15778748258
15778801980
15778811778
15779031654
15779077437
15779214473
15779219591
15779249604
15779280520
15779284765
15779294298
15779570480
15779627229
15779645006
15779673597
15779750004
15779755378
15779925975
15779977322
15779988276
15797624976
15797674004
15797783036
15797823927
15797984554
15798995282
15799019418
15799077435
15800008040
15800020058
15800052199
15800090529
15800092297
15800201014
15800213407
15800312510
15800343003
15800394198
15800460945
15800544585
15800703519
15800775613
15800813387
15800886403
15800912861
15800918425
15801027215
15801067226
15801096940
15801173214
15801214960
15801226248
15801231815
15801234516
15801245462
15801286699
15801302313
15801337826
15801356483
15801455029
15801518985
15801550565
15801592114
15801608835
15801662744
15801673596
15801686058
15801696360
15801838553
15801850063
15801852786
15801896648
15801908442
15802171372
15802200467
15802269965
15802294116
15802303856
15802359394
15802360907
15802391787
15802468367
15802476880
15802481151
15802504995
15802553315
15802637454
15802717036
15802771841
15802803315
15802881664
15802892237
15802939494
15802950871
15802960451
15802997133
15803007659
15803113924
15803166822
15803192976
15803213311
15803306093
15803315972
15803366387
15803411471
15803420262
15803430705
15803436933
15803558675
15803581250
15803800057
15803810804
15803869303
15803869355
15803893012
15804100715
15804231438
15804510732
15804526320
15804528891
15804566603
15804642438
15804696365
15804768155
15804830362
15805069675
15805173073
15805287796
15805321995
15805373128
15805381833
15805427860
15805481776
15805513963
15805537207
15805598910
15805602688
15805606577
15805697516
15805783387
15806008332
15806020548
15806209973
15806215561
15806251666
15806270209
15806298017
15806311169
15806428370
15806439133
15806458078
15806511635
15806629845
15806633060
15806707295
15806818454
15806919219
15807046587
15807248727
15807429013
15807456103
15807527316
15807529589
15807632890
15808012620
15808040257
15808149159
15808228910
15808276349
15808647789
15808800188
15808854900
15809187815
15809206176
15809332391
15809380781
15809427110
15809510979
15809577590
15809600134
15809603702
15809858849
15809906495
15809918212
15809921159
15810057005
15810108563
15810165159
15810179139
15810242777
15810290869
15810292774
15810300449
15810368562
15810376941
15810384660
15810389006
15810430860
15810435383
15810493586
15810511586
15810511893
15810516565
15810571727
15810608454
15810613595
15810645720
15810756184
15810768016
15810795860
15810815923
15810828993
15810894803
15810930230
15810951093
15811001233
15811009031
15811032159
15811068320
15811071603
15811097758
15811098170
15811099823
15811105079
15811108477
15811116558
15811249717
15811275820
15811286063
15811312598
15811360172
15811516243
15811551907
15811590978
15811633776
15811706972
15811874110
15811976350
15811983382
15812000450
15812010785
15812022350
15812063523
15812066072
15812082238
15812112162
15812491784
15812670019
15813226799
15813248188
15813318557
15813341340
15813351425
15813584875
15813614861
15813754726
15813800193
15813806709
15814208206
15814421636
15814545508
15814558532
15814666639
15814794412
15814822214
15814851153
15814851334
15814918947
15815025637
15815197556
15815350300
15815531726
15815531991
15815557868
15815576780
15815585725
15815832024
15815876118
15815965656
15815998463
15816074885
15816098055
15816182623
15816212422
15816362226
15816529055
15816643556
15816839067
15817088501
15817152001
15817221381
15817399773
15817973539
15818126757
15818194478
15818241182
15818258069
15818278276
15818447932
15818500216
15818510393
15818595030
15818656744
15818693526
15818869016
15819053234
15819166422
15819205953
15819236565
15819255891
15819260794
15819264662
15819268851
15819422277
15819621405
15819865985
15819938784
15820002156
15820037023
15820081082
15820103441
15820164422
15820273610
15820279303
15820320270
15820350754
15820480600
15820489947
15820520107
15820575701
15820595419
15820622531
15820687306
15820846733
15820891131
15820918894
15820996311
15821124377
15821138192
15821158130
15821216679
15821243517
15821353190
15821367707
15821406428
15821644131
15821668054
15821708441
15821928772
15822098353
15822104926
15822152689
15822155244
15822199832
15822284170
15822355297
15822398098
15822418675
15822437499
15822463633
15822500476
15822559030
15822594410
15822612850
15822664833
15822672083
15822673933
15822681083
15822712106
15822849390
15822893604
15822974080
15822994919
15823139091
15823157893
15823191014
15823238611
15823270260
15823374081
15823448655
15823536970
15823563957
15823835531
15823989072
15824135342
15824214812
15824309894
15824316834
15824480305
15824510989
15824922876
15824968185
15825035897
15825193367
15825315574
15825367971
15825386080
15825540278
15825663241
15825788801
15825804468
15825833870
15826139829
15826142177
15826165474
15826173653
15826180016
15826189516
15826252920
15826260466
15826286867
15826503947
15826535060
15826759155
15826825207
15826951134
15826961034
15826963245
15827076462
15827160988
15827173494
15827182485
15827190479
15827195689
15827214487
15827233773
15827234428
15827236051
15827238416
15827239252
15827295285
15827309257
15827359327
15827380288
15827381895
15827415329
15827429070
15827438951
15827553114
15827584750
15827633796
15828042337
15828124137
15828134905
15828190482
15828216492
15828223447
15828240405
15828302422
15828334903
15828335872
15828435433
15828437877
15828490995
15828507305
15828553464
15828573179
15828631244
15828672208
15828735997
15828852622
15828904340
15828905558
15828912251
15829055056
15829060273
15829070577
15829099909
15829170467
15829229879
15829538458
15829543941
15829556724
15829607074
15829609930
15829615251
15829643859
15829665887
15829713881
15829880841
15829884201
15829907002
15829959517
15830180053
15830206364
15830220681
15830227015
15830253343
15830329912
15830401855
15830432514
15830672186
15830681408
15830689402
15830700164
15830788355
15830833215
15830835885
15830879789
15831002274
15831005252
15831056320
15831133861
15831168065
15831173962
15831395777
15831592131
15831720222
15831766066
15831944366
15832028070
15832040036
15832088959
15832172375
15832191327
15832275986
15832277713
15832496006
15832505180
15832581211
15832686996
15832825694
15833168831
15833314134
15833369882
15833500601
15833710372
15833757014
15833762998
15833905291
15833936669
15833943070
15834009570
15834022584
15834044251
15834067664
15834094643
15834125250
15834139471
15834165423
15834198763
15834218579
15834259751
15834540291
15834580105
15834628330
15834849906
15834921234
15835038233
15835054044
15835270102
15835334576
15835441157
15835523365
15835779708
15835822186
15835905770
15835920816
15835996668
15836001317
15836083026
15836108033
15836185310
15836270320
15836318686
15836355013
15836374969
15836489371
15836619705
15836637968
15836796773
15836864480
15836904777
15836936608
15836943966
15836988521
15836998755
15837159156
15837262436
15837283736
15837319165
15837481589
15837696350
15837817500
15837921099
15837939539
15837966159
15837986169
15838000969
15838006048
15838053290
15838158208
15838159825
15838186662
15838209467
15838235257
15838361908
15838383988
15838598617
15838757797
15838766452
15838875187
15838968025
15839126056
15839152961
15839322175
15839488591
15839561627
15839797862
15839866027
15840052827
15840110408
15840182475
15840239115
15840526729
15840569656
15840600737
15840623660
15840635525
15840902502
15840984203
15841003529
15841048527
15841090502
15841100836
15841103155
15841177303
15841380424
15841523131
15841625631
15841776407
15841853971
15841869351
15841898668
15842009460
15842030893
15842052255
15842465206
15842527712
15842579141
15842601571
15842607181
15842635824
15842656749
15842666815
15842691566
15842794884
15843008750
15843336772
15843338516
15844063354
15844211941
15844250480
15844250681
15844370778
15844504143
15844532830
15844690295
15844890217
15844990617
15844993808
15845250723
15845289066
15845316242
15845453421
15845816361
15845859919
15846002658
15846051310
15846225250
15846348539
15846418688
15846471247
15846540441
15846617417
15846630400
15846813299
15846881114
15846970816
15847007895
15847013506
15847084347
15847104696
15847678529
15847694233
15847705692
15847766403
15847953192
15848022991
15848125349
15848135134
15848161968
15848197238
15848242165
15848278166
15848294699
15848301371
15848355735
15848373238
15848516184
15848542220
15848595112
15848750361
15848885557
15848944387
15849038500
15849095688
15849103907
15849123765
15849206605
15849282683
15849396782
15849500909
15849626456
15850185056
15850376807
15850503243
15850541592
15850656165
15850661329
15850665820
15850677058
15850685666
15850715392
15850744135
15850776110
15850778112
15850788351
15851057306
15851147068
15851152625
15851391867
15851398278
15851399570
15851533235
15851623508
15851628163
15851760098
15851840476
15851844367
15851845200
15851850626
15851870027
15851872346
15851883942
15851916168
15851921227
15851931359
15851937812
15852039173
15852053384
15852286589
15852320119
15852436305
15852559059
15852584436
15852662798
15852729280
15852777948
15852912898
15852927200
15853099545
15853121610
15853214228
15853258085
15853289138
15853321461
15853349049
15853411632
15853459483
15853535723
15853728936
15853791865
15854043313
15854046133
15854166016
15854255233
15854311633
15854357871
15854533397
15854696527
15854770812
15854828671
15854877521
15855027782
15855055479
15855110243
15855118481
15855133120
15855185595
15855565773
15855591208
15855615597
15855684334
15855763205
15855767191
15855790265
15855829300
15855970280
15856011865
15856080444
15856109611
15856312458
15856382309
15856385992
15856390110
15856517806
15856582607
15856630699
15856637677
15856662129
15856805379
15856820613
15856835421
15856999992
15857082475
15857114501
15857143890
15857170309
15857179194
15857204041
15857682149
15857815424
15857889662
15857982251
15858036556
15858101748
15858206127
15858257792
15858295087
15858328280
15858387025
15858422569
15858459596
15858500720
15858793213
15858905024
15859094180
15859272290
15859365365
15859401361
15859468081
15859575121
15859752959
15859771332
15859863402
15860053437
15860117605
15860119279
15860122368
15860165088
15860192825
15860383849
15860729875
15860734589
15860937628
15860955064
15860986359
15861040460
15861072602
15861100016
15861218801
15861585447
15861597814
15861693658
15861798150
15861810373
15861857714
15861863622
15861880688
15861994229
15862097214
15862178203
15862256031
15862472813
15862492963
15862590938
15862603176
15862720233
15862794161
15862795457
15862839861
15862942204
15862969227
15863004033
1586301321
15863035229
15863102002
15863112887
15863283579
15863691398
15863767530
15863812618
15863870641
15864057207
15864152898
15864199730
15864226317
15864256392
15864281573
15864295145
15864344551
15864422969
15864432293
15864544820
15864785277
15864851536
15865012351
15865068638
15865101520
15865129287
15865166764
15865196765
15865461096
15865474555
15865507020
15865572907
15865659283
15866020041
15866117383
15866270935
15866543191
15866573965
15866582428
15866613583
15866633255
15866708063
15866760216
15866823905
15866866357
15866917168
15866976155
15867174702
15867182233
15867273566
15867297662
15867332441
15867455923
15867457671
15867527210
15867532650
15867658497
15867743278
15867799708
15868090174
15868096598
15868098368
15868103251
15868168846
15868418682
15868450138
15868548036
15868575251
15868707911
15868837437
15868878511
15869004626
15869080808
15869127298
15869131885
15869149149
15869176384
15869302046
15869310604
15869478809
15869660858
15869878581
15870033103
15870057951
15870092298
15870101420
15870267860
15870285886
15870439937
15870700547
15870824088
15870834400
15870874092
15870981519
15871234378
15871264601
15871330171
15871337397
15871412846
15871484946
15871582305
15871749365
15871772138
15871777447
15871780816
15871942728
15871992674
15872008812
15872058357
15872117931
15872123164
15872140079
15872182467
15872210935
15872311520
15872315797
15872393148
15872421123
15872437322
15872534510
15872546212
15872656802
15872788299
15872962711
15873039739
15873051071
15873152758
15873278156
15873400518
15873571169
15873761145
15873826009
15873882429
15873895996
15873952235
15874238103
15874242783
15874284641
15874292206
15874550366
15874696158
15874702457
15874848922
15874863284
15874881575
15874922630
15874941071
15874946929
15874968586
15874987543
15874995155
15875136535
15875171010
15875369902
15875390243
15875444361
15875484047
15875499574
15875620012
15875690557
15875710101
15876268729
1587629472
15876378239
15876499769
15876784507
15876793603
15876859521
15876922495
15876997363
15877035670
15877085027
15877253875
15877501057
15877525067
15877550076
15877557398
15877626170
15877964189
15877991637
15878102532
15878196834
15878348301
15878615768
15878639194
15878677212
15878745700
15878774301
15878808139
15878812511
15878867883
15879137245
15879192935
15879260146
15879266257
15879282029
15879543409
15879635371
15879805370
15879862604
15880005202
15880061610
15880075201
15880171617
15880202667
15880210593
15880353616
15880425387
15880704460
15880770951
15880811175
15880838916
15880840135
15880958993
15880964869
15881016325
15881110856
15881112560
15881136542
15881182754
15881215664
15881333615
15881423936
15881456626
15881511576
15881709950
15881748013
15881798985
15881824292
15881979110
15882004392
15882009770
15882058200
15882070221
15882087652
15882202240
15882231763
15882232473
15882277901
15882295129
15882299670
15882362112
15882385233
15882416732
15882427519
15882442269
15882493482
15882602417
15882616940
15882660967
15882674965
15882686714
15882776983
15882804666
15882862845
15882911267
15882970145
15882998283
15883011815
15883197488
15883505223
15883593818
15883667083
15883731871
15883817360
15883843390
15883844676
15883966056
15883978102
15884246151
15884268368
15884323789
15884358917
15884444686
15884456064
15884494487
15884498723
15884519169
15884547850
15884576841
15884608028
15884649967
15884676155
15884706226
15885011228
15885052420
15885059631
15885064404
15885065840
15885070510
15885079471
15885109584
15885134912
15885342395
15885404226
15885442158
15885502641
15885524418
15885776771
15885779317
15885818679
15885899861
15886011122
15886099095
15886159245
15886285036
15886302205
15886318779
15886666022
15886702377
15886799835
15886800305
15887060383
15887101297
15887201761
15887281754
15887466850
15887804724
15887814302
15887851980
15887863558
15887899640
15888060526
15888088185
15888232690
15888358609
15888606835
15888709007
15888751817
15888760240
15888833390
15888861353
15888914236
15889066903
15889075655
15889125227
15889131665
15889159893
15889199541
15889306872
15889543039
15889612761
15889617378
15889749695
15889833270
15889845646
15889848678
15889938499
15890015000
15890019577
15890024260
15890060860
15890081251
15890211927
15890517167
15890607184
15890651421
15890691639
15890711907
15890752762
15890868109
15891038238
15891169105
15891171441
15891203680
15891302995
15891443935
15891483025
15891555781
15891662922
15891723865
15891728691
15891753486
15891790135
15892029162
15892097785
15892250644
15892327559
15892331997
15892388367
15892409378
15892436125
15892578189
15892860773
15893019931
15893072460
15893317748
15893347578
15893406566
15893529396
15893530446
15893793052
15893886783
15893931209
15893964720
15894089569
15894225665
15894580960
15894638584
15894687576
15894880552
15895041129
15895189267
15895346779
15895505587
15895586871
15895664526
15895699020
15895761614
15895835241
15895879496
15895883323
15895907585
15895926722
15895935173
15895978340
15896059664
15896160459
15896270705
15896341374
15896360521
15896517865
15896522701
15896647224
15896669128
15896691945
15896737068
15896763595
15897331988
15897622110
15897690112
15897788480
15897790754
15897814704
15897909600
15897992878
15898090278
15898131900
15898194132
15898200170
15898275825
15898372095
15898390325
15898399854
15898583791
15898603531
15898762512
15898783102
15898783930
15898827051
15898840757
15898866353
15898962510
15899091567
15899125261
15899145195
15899187580
15899269794
15899536092
15899543421
15899598076
15899845817
15899860939
15899894185
15899958112
15899961113
15900075536
15900206850
15900254473
15900365580
15900381351
15900391382
15900595908
15900615289
15900651592
15900733453
15900871709
15900928824
15900979011
15900994402
15901033806
15901058232
15901071846
15901072079
15901081558
15901222671
15901222980
15901267975
15901285993
15901300553
15901328643
15901399072
15901408980
15901469112
15901510376
15901608045
15901610503
15901712402
15901717828
15901720008
15901806218
15901824256
15901932708
15902029651
15902063292
15902145959
15902155011
15902184328
15902201003
15902208587
15902212867
15902396644
15902484017
15902539070
15902540860
15902546484
15902617704
15902697356
15902758132
15902763322
15902779723
15902781840
15902841073
15902878136
15902923746
15902930950
15902959999
15903036927
15903037255
15903043207
15903092712
15903221215
15903394693
15903438524
15903540341
15903612628
15903623735
15903659020
15903674237
15903675771
15903697128
15904240609
15904331158
15904460805
15904537470
15904652287
15904830489
15904858379
15904880832
15904920696
15904940103
15904940886
15905060594
15905116996
15905151091
15905191954
15905201100
15905355412
15905550952
15905607079
15905617363
15905701592
15905900876
15905903109
15905905080
15906098136
15906143106
15906180767
15906287108
15906345749
15906625327
15906677810
15906689505
15906737973
15906856307
15906876516
15906879548
15907000095
15907236144
15907294130
15907371991
15907526843
15907557397
15907611806
15907622080
15907637840
15907711564
15907773621
15907783595
15908065025
15908073899
15908096518
15908108936
15908181661
15908467501
15908646163
15908668930
15908692305
15908830786
15908857080
15908906712
15908911000
15908990624
15908998513
15909007411
15909048181
15909069091
15909150508
15909226600
15909305213
15909627616
15909829468
15909896890
15910017379
15910108324
15910218143
15910271336
15910274157
15910284275
15910288040
15910307931
15910345445
15910366443
15910381265
15910566522
15910578297
15910609549
15910633004
15910651988
15910663694
15910688156
15910706806
15910791181
15910801989
15910887196
15910928947
15911053391
15911059338
15911122763
15911179242
15911371614
15911544667
15911611774
15911673241
15911771068
15911906423
15912046065
15912109259
15912123125
15912150106
15912174474
15912182662
15912226816
15912576781
15912757897
15912766529
15913010717
15913040469
15913077932
15913296891
15913345029
15913368251
15913442788
15913535101
15913798984
15914196851
15914276984
15914319637
15914325583
15914361726
15914538473
15914711923
15914750071
15914819888
15914856433
15914916358
15914928713
15914950436
15914955336
15915192174
15915485328
15915526633
15915590396
15915702903
15915731212
15915747068
15915752422
15915767567
15915776070
15915813238
15915825087
15915885440
15915932856
15915953379
15915999082
15916218237
15916432099
15916513696
15916519297
15916617325
15916638286
15916639536
15916784364
15916979312
15917064035
15917185009
15917366859
15917496966
15917891492
15917896226
15917916501
15917973238
15917992499
15918097303
15918141086
15918255152
15918649937
15918661007
15918755981
15918770884
15918871474
15918899886
15918907732
15918924465
15918957618
15918958172
15919125727
15919169531
15919194549
15919199890
15919217023
15919332697
15919414880
15919486207
15919516686
15919519982
15919592560
15919669909
15919683203
15919833696
15919982362
15920038419
15920135344
15920158978
15920162773
15920168819
15920229318
15920305392
15920343479
15920372386
15920487141
15920582967
15920623211
