15920624510
15920881114
15921055547
15921057253
15921091802
15921110288
15921119050
15921204635
15921274619
15921316257
15921479926
15921515780
15921534178
15921534897
15921535932
15921636247
15921645274
15921683912
15921685497
15921759078
15921828555
15921837860
15921912010
15921986753
15921988190
15921990686
15922026743
15922061842
15922067796
15922076386
15922077406
15922083137
15922098242
15922100160
15922126200
15922204519
15922215080
15922439047
15922467244
15922473293
15922577079
15922736569
15922788833
15922806560
15922827499
15922830442
15922843026
15922858424
15922883786
15922886049
15922930437
15922997371
15923117278
15923230864
15923328106
15923387839
15923522296
15923559765
15923598452
15923816069
15923900193
15923935559
15924056205
15924080249
15924176634
15924194911
15924414827
15924630676
15924653606
15924791188
15925126098
15925129595
15925156486
15925185484
15925198491
15925243684
15925320320
15925331989
15925514773
15925612871
15925683908
15925791010
15925792716
15925803636
15925897679
15926119699
15926203752
15926272197
15926273595
15926294073
15926299336
15926351759
15926356564
15926417231
15926492049
15926573163
15926585135
15926662170
15926776409
15926788210
15926812891
15927031767
15927138527
15927157072
15927177743
15927217171
15927223607
15927235358
15927251546
15927277117
15927345264
15927351808
15927400455
15927418742
15927428434
15927436659
15927447286
15927461430
15927462232
15927548803
15927598306
15927611559
15927658937
15927674650
15927695824
15927733776
15927968002
15928014511
15928089890
15928144223
15928179230
15928321871
15928441820
15928443912
15928464719
15928485792
15928509540
15928526569
15928621178
15928672563
15928731248
15928739437
15928752485
15928767049
15928791853
15928823638
15928868840
15928904887
15928958425
15928998840
15929202382
15929203214
15929262504
15929361836
15929376310
15929507835
15929552562
15929637250
15929649864
15929739395
15929823344
15929875467
15929902431
15929935411
15929952416
15929971520
15929974094
15929991192
15930035837
15930181709
15930260685
15930293702
15930525591
15930613372
15930637393
15930921878
15930966452
15931014516
15931044975
15931060257
15931116299
15931139380
15931156133
15931348618
15931417900
15931438213
15931454378
15931619825
15931993775
15931995067
15932166298
15932180767
15932218379
15932231115
15932513050
15932544883
15932603582
15932655008
15932655105
15932656267
15932692033
15933063061
15933138835
15933175440
15933356296
15933389089
15933400014
15933417205
15933471275
15933504685
15933565156
15933620905
15933880125
15933882015
15933905233
15933951521
15933972831
15933975400
15933986158
15933992312
15934094849
15934134611
15934176242
15934185370
15934186714
15934207364
15934512105
15934523000
15934883485
15935050798
15935062276
15935127131
15935186635
15935194377
15935197625
15935224445
15935235831
15935260840
15935306268
15935523753
15935539599
15935612590
15935665342
15935716264
15935819703
15935902171
15935985980
15936006111
15936062966
15936098349
15936223081
15936392920
15936570044
15936931716
15936941199
15937015398
15937163586
15937233030
15937326067
15937362221
15937518816
15937596607
15937825327
15938371669
15938485141
15938508158
15938509366
15938590723
15938719339
15938782589
15938823335
15938919367
15938928815
15938959878
15939029062
15939111082
15939153407
15939160248
15939184393
15939191336
15939230233
15939511370
15939622448
15939629240
15939740658
15939940467
15939982791
15940009527
15940176426
15940250629
15940255549
15940308940
15940437983
15940563563
15940568423
15940628741
15940809872
15940827823
15940850315
15940850500
15940863168
15940907591
15941196658
15941230259
15941272823
15941328829
15941468285
15941558981
15941680418
15941709412
15941717556
15941752549
15941774667
15941993653
15942013231
15942107739
15942176560
15942202010
15942436866
15942443733
15942457635
15942469530
15942471260
15942563666
15942590728
15942618336
15942622512
15942636906
15942817297
15942980756
15943284466
15943380162
15943581932
15943697620
15944157542
15944269530
15944386055
15944662212
15944918655
15944942789
15945028539
15945100068
15945112881
15945203160
15945227788
15945304423
15945304609
15945314210
15945417943
15945668780
15945774953
15945778008
15945784729
15945919489
15945967307
15945994930
15946003029
15946004520
15946008238
15946334562
15946383647
15946551319
15946583131
15946951525
15947084586
15947098775
15947207506
15947296511
15947316492
15947326020
15947517660
15947608410
15947761643
15947918330
15947980949
15947980988
15948003445
15948019353
15948020214
15948031924
15948050248
15948055682
15948091212
15948130607
15948208212
15948291813
15948347101
15948365367
15948412624
15948456790
15948597497
15948619195
15948633211
15948979890
15949036767
15949197503
15949281332
15949404796
15949417742
15949562957
15949935441
15950083450
15950181031
15950186382
15950219038
15950330961
15950368420
15950495243
15950510581
15950538768
15950565912
15950579868
15950691726
15950841873
15950889252
15950903318
15950923548
15950947582
15950970853
15950990745
15951013213
15951073775
15951106742
15951177985
15951275727
15951355533
15951577715
15951595729
15951609416
15951631823
15951663867
15951677718
15951701200
15951734284
15951858145
15951874210
15951889800
15951892237
15951922592
15951923376
15952421343
15952575314
15952798930
15952905271
15952907707
15952965768
15953082173
15953083127
15953143175
15953402305
15953521306
15953523915
15953641251
15953697894
15953730791
15953849110
15953966673
15953968339
15954017531
15954205212
15954211245
15954265102
15954318111
15954611711
15954745895
15954843063
15954864170
15954936088
15954955215
15955002256
15955005781
15955100170
15955113025
15955164819
15955165670
15955175071
15955200673
15955208100
15955235097
15955289107
15955310789
15955437720
15955459361
15955482329
15955502732
15955515612
15955577365
15955935278
15956003166
15956155023
15956157789
15956460673
15956467014
15956687082
15956702081
15956771257
15956881866
15956911670
15956943100
15956993133
15957122828
15957136249
15957160402
15957175499
15957225044
15957384753
15957411805
15957457303
15957459667
15957521813
15957549402
15957561227
15957599950
15957604947
15957718250
15957768217
15957823821
15958019892
15958039289
15958041626
15958096171
15958135240
15958274837
15958365833
15958468550
15958578080
15958582913
15958709028
15958727172
15958743237
15958764675
15958832347
15959106226
15959127189
15959139984
15959166759
15959170893
15959259331
15959313870
15959334443
15959342892
15959345109
15959447167
15959505640
15959528559
15959690122
15959802482
15959998055
15960013321
15960060890
15960090455
15960325979
15960392097
15960398301
15960484102
15960757391
15960942972
15961106708
15961210685
15961220576
15961223621
15961319437
15961385581
15961391583
15961425648
15961553640
15961564472
15961588679
15961718051
15961777378
15961783170
15961785381
15961801576
15961803605
15961809290
15962047869
15962204211
15962340836
15962346267
15962384651
15962397425
15962503560
15962528226
15962608473
15962858669
15962885484
15962897771
15962911922
15962922404
15962971039
15962976781
15963239302
15963456278
15963620849
15963658116
15963695651
15963786857
15963805753
15963831359
15963913600
15963958798
15963962597
15964019787
15964037010
15964086062
15964486256
15964502189
15964590208
15964601692
15964611583
15965172551
15965204507
15965367770
15965408835
15965611159
15965848216
15965988139
15965991085
15966084578
15966285173
15966460918
15966473163
15966595702
15966662059
15966671080
15966691532
15966738116
15966785813
15966801553
15966801800
15966816939
15966932135
15966964888
15967285205
15967334994
15967401541
15967535230
15967634122
15967913103
15968058865
15968108280
15968127843
15968151670
15968154032
15968277093
15968435693
15968731698
15968769139
15968811039
15968828070
15968841558
15968877286
15969088809
15969097072
15969164298
15969232866
15969443914
15969497615
15969576640
15969588780
15969796993
15969827876
15969869551
15969876130
15969891195
15969958884
15969985072
15970025257
15970080919
15970098932
15970206834
15970264713
15970347263
15970387107
15970610508
15970625984
15971080707
15971083487
15971119503
15971166146
15971431631
15971559521
15971566157
15971598569
15971627732
15972011935
15972016283
15972044044
15972045216
15972068837
15972103175
15972121366
15972367943
15972504251
15972506005
15972514532
15972654049
15972699749
15972725818
15972729362
15972764584
15972791475
15972976916
15972984775
15973008912
15973019922
15973124324
15973126857
15973149079
15973172410
15973173736
15973233341
15973381843
15973484273
15973536371
15973703032
15974089229
15974142927
15974145832
15974318417
15974753903
15974879253
15975006848
15975133450
15975356868
15975376825
15976098332
15976127871
15976210222
15976336908
15976341580
15976697501
15976754312
15976974244
15977001110
15977101012
15977268052
15977909527
15977911492
15977981964
15978405051
15978441289
15978455438
15978608303
15978686810
15978709762
15978901340
15978919690
15979019250
15979105124
15979114799
15979122748
15979123392
15979168251
15979226682
15979396470
15979409783
15979581072
15979622915
15979933523
15979982911
15980015598
15980101401
15980392271
15980709188
15980729929
15980793933
15980833178
15980890496
15980994799
15981103399
15981137018
15981521001
15981566681
15981681046
15981770087
15981771439
15981782770
15981815570
15981831992
15981832146
15981861607
15981880120
15981886942
15981927612
15981938068
15981956376
15981974552
15981988903
15981998609
15982057502
15982128570
15982175627
15982177075
15982177527
15982207748
15982244348
15982266538
15982311267
15982339267
15982518173
15982588410
15982629694
15982946279
15983026375
15983185500
15983235828
15983453597
15983456153
15983670540
15983677236
15983689768
15983697114
15983770243
15983825329
15983838875
15983868283
15984120133
15984144758
15984192605
15984275251
15984276598
15984298710
15984312653
15984321707
15984570372
15984624452
15984635342
15984855265
15985137597
15985197460
15985299427
15985500622
15985592617
15985701723
15985834885
15985854183
15985881070
15985983466
15986119604
15986418978
15986541868
15986626385
15986789499
15986831728
15986853936
15986921339
15987124119
15987187928
15987507286
15987571301
15987728464
15987975015
15988114602
15988137082
15988151055
15988153188
15988165107
15988187081
15988313744
15988387511
15988452945
15988458016
15988578880
15988619536
15988699175
15988757858
15988789939
15988822362
15988920820
15988975125
15988984517
15989049227
15989073908
15989101534
15989103893
15989109639
15989189593
15989197296
15989287080
15989310039
15989330390
15989348271
15989352708
15989380314
15989412780
15989446871
15989465120
15989497115
15989578474
15989613323
15989694935
15989720462
15989770512
15989804005
15989814200
15989827202
15989835863
15989869508
15990031517
15990043000
15990188755
15990425247
15990758189
15990817866
15990828696
15990872013
15990892690
15990900193
15990917136
15990946356
15990979296
15991051394
15991195334
15991269670
15991334239
15991383548
15991454599
15991617075
15991641939
15991643385
15991665606
15991684476
15991714626
15991754425
15991852249
15991941342
15991965596
15991972730
15992255654
15992334200
15992586091
15992671868
15992687170
15992769613
15992776583
15992955252
15992993713
15993017543
15993300406
15993350739
15993539007
15993625679
15993993057
15994077299
15994233830
15994373987
15994523836
15994567361
15994757159
15994774612
15994817090
15994870119
15994966408
15995010927
15995060510
15995087585
15995126932
15995168058
15995273790
15995278505
15995553195
15995601460
15995652407
15995741494
15995746369
15995873827
15995889936
15996004532
15996157025
15996307031
15996310523
15996319752
15996339520
15996352885
15996438747
15996481032
15996522358
15996568367
15996613666
15996709705
15996807823
15996860852
15996888201
15997106781
15997131550
15997200069
15997314502
15997332777
15997350002
15997352946
15997452372
15997491936
15997564562
15997578201
15997584130
15997592089
15997601209
15997622028
15997983271
15998007082
15998152190
15998168464
15998188868
15998224177
15998391376
15998430868
15998521067
15998582045
15998660703
15998684231
15998686109
15998721270
15998857779
15998978161
15998987023
15999084182
15999118020
15999129651
15999129976
15999198501
15999199892
15999260963
15999449520
15999468743
15999512266
15999520258
15999558281
15999576426
15999583682
15999597337
15999628418
15999650736
15999663380
15999811385
15999902950
15999943838
15999988892
1600016306
1601019780
1601201148
1604166747
1612515835
1615352172
1617406180
1623224476
1627772119
1633352326
1638881887
1640729329
1649380788
165079991
1651523056
1654195757
1656340493
16565646
1658033867f
1658055505
16598965886
1679083553
1679970977
17001105007
17002020243
17002679868
17005046080
17005530118
17051007600
17052581157
17052600139
17052676339
17070133600
17070227742
17071106934
17072125512
17072350604
17073625271
17074369893
17077834203
17081617814
17081617818
17082237322
17085078137
17090028242
17090079843
17090115496
17090408391
17090418172
17090420329
17090423013
17090874564
17091036037
17091262413
17092087785
17092166604
17092553283
17092800246
17093251955
17093710268
17094314386
17094354640
17096022081
17096737127
17097195630
17098044489
17098909646
17099855449
17099919324
171730557
1720170567
1720691465
1730774408
1731142778
1738482331
1738536450
1743138414@qq .com
1751537606
175507135
175718806
17600859240
17603208867
17603917896
17603986762
17604154094
17604372166
17604782756
17605601970
17605698829
17607781148
17608001358
17608133421
17608200543
17608306590
17612287723
17612293243
17614561916
17623200152
17680493298
17681315130
17685511827
17686610626
17687916042
17698316102
177 7970 0629
17701080032
17701220425
17701259697
17701307472
17701307473
17701562886
17701585460
17701614560
17701649390
17701840109
17702187076
17702238763
17702252712
17702258864
17702430333
17702435393
17702487176
17702709852
17702739087
17703397985
17703407671
17703449726
17703468209
17703603388
17703761868
17703769362
17703918728
17703943934
17704061921
17704785393
17704926929
17705016027
17705056050
17705172814
17705481076
17705501975
17705652529
17705652640
17705692042
17705903269
17706024485
17706315219
17706466618
17706468917
17706591136
17706857567
17707086599
17707111073
17707144564
17707231415
17707357071
17707706500
17707768213
17707771988
17707785946
17708129312
17708490905
17708555670
17709114394
17709118094
17709125008
17709162930
17709170288
17709559288
17709687669
17709901882
17709920908
17710176599
17710229556
17710360546
17710462664
17710550126
17710594927
17710609509
17710630283
17710823996
17711286103
17711645495
17711689309
17711768226
17711808545
17712019230
17712176059
17712201655
17712365347
17712595925
17712628807
17712653134
17712797313
17713027959
17713141355
17713337144
17713566827
17713820003
17714293039
17714293121
17714334129
17714509890
17715015672
17715241972
17715268470
17715294801
17715508369
17715594912
17715843170
17716758720
17717079427
17717427225
17717542551
17717603242
17717603997
17717650620
17717697680
17717719410
17717796679
1771895166
17719496645
17720564770
17721165664
17721184751
17721268079
17721513786
17721802996
17727620862
17729906486
17730229978
17730562114
17730564443
17730593002
17730655850
17731025193
17731398472
17731528115
17731729112
17732076806
17732263584
17732282273
17732378423
17732392896
17732393283
17732524541
17732702510
17732715425
17732808662
17733115853
17733336516
17733826276
17734608161
17736036872
17736115170
17736178001
17736299091
17736930667
17737083758
17737181377
17737208827
17737256998
17737319671
17737729891
17739796006
17742438139
17742463307
1774377486
17744593384
17745127428
17745138439
17746557395
17748080867
17749020138
17750020405
17750068280
17750202723
17750422739
17750585592
17750585853
17750815675
17751157293
17751227076
17751301050
17751552391
17751661691
17751767601
17751782741
17753129065
17753201918
17755233620
17755517319
17755605627
17755821706
17756028072
17756071203
17756124521
17756225776
17756230211
17756936993
17757509575
17758861100
17759120878
17759359192
17759515712
17759820006
17760075089
17761099520
17761238117
17761240389
17761252120
17761258339
17761700891
17762405969
17762546952
17764577960
17764580214
17765703052
17765704686
17767105733
17767169531
17767196989
17767615810
17768359982
17768607896
17768642982
17770036321
17771284980
17771308213
17771361830
17771511761
17771554763
17771650139
17771723940
17771905649
17773046376
17773116071
17773418297
17773827939
17775257062
17775307862
17775952477
17776028221
17776221132
17776222027
17776298807
17779101380
17779700629
17780638286
17781060030
17781208793
17781512664
17781685891
17781923597
17782321989
17782327082
17783104281
17783193776
17783598909
17783643264
17783846291
17784175531
17784619467
17785033213
17785208930
17785232364
17786242681
17786400924
17786446533
17786533119
17786726101
17786729101
17786778093
17787115915
17787715290
17789643995
17789658718
17790053318
17790056208
17790309006
17791203360
17791375634
17791527581
17791656686
17791892213
17791958717
17791961721
17792302718
17792383051
17792480805
17793341847
17793808922
17793812794
17793814253
17794208570
17794265447
17795305674
17795871563
17797010691
17797211249
17799062212
17799121317
17799139397
17799140641
17799189276
17799191312
17801052290
17801054349
17801070267
17801098533
17802551172
17802585865
1780285043
17802901269
17802922930
17802963774
17803474102
17805005526
17805008519
17805310516
17805806894
17805820399
17805932550
17805956203
17805959249
17806279231
17806395025
17806522576
17806737101
17807628713
17807740234
17807821929
17807824681
17808259361
17808322038
17808325231
17809211799
17816872452
17816878850
17816879524
17816879542
17817069012
17817081310
17817738538
17817933755
17820056926
17820226661
17826613725
17826800224
17826820139
17826826319
17826829227
17826829704
17826832909
17826857192
17826878172
17826891426
17828013712
17828019943
17828781235
17835063241
17835353460
17835381387
17835396635
17835397402
17839031068
17839073831
17839173759
17839190493
17839192637
17839216822
17839302913
17839371146
17839574300
17839623984
17839676507
17839794601
1784357284
178468365
17853470477
17853470836
17853483914
17853493939
17853513768
17853592730
17853608937
17853618081
17853628169
17853802812
17853823317
17853959836
17853970273
17854115063
17854119297
17854209802
17854230966
17854237354
17854237631
17854257798
17854284764
17854852998
17854870252
17854941311
17854958983
17855821814
17855825877
17855833410
17858132800
17858506899
17858667192
17858845979
17858931296
17858938503
17858956125
17858961766
17858975216
17859739226
17859900991
17862067839
17862192731
17862274179
17862348580
17862515859
17862701137
17862707792
17862716563
17862718368
17862718817
17862727831
17862791030
17862839339
17862853945
17862854093
17862855435
17862856537
17862868234
17862875449
17862875612
17862891552
17862893316
17862907190
17862920256
17862922038
17862923968
17862924812
17862929711
17862930313
17862935657
17862962296
17862971419
17862973559
17862977025
17862977544
17862978592
17862979957
17862983080
17862988050
17862992068
17862995342
17863062653
17863063380
17863066793
17863101937
17863205658
17863215726
17863344655
17863368342
17863869211
17863951737
17863954971
17864179363
17864195441
17864196842
17864217620
17864302579
17864385828
17864389269
17864395629
17865150887
17865153226
17865169615
17865199855
17865519430
17865637327
17865659300
17865671129
17865685287
17865685636
17865780699
17865826076
17865918271
17865941280
17865956585
17865976873
17866688806
17875057204
17875468935
17875615747
17875865723
17876253353
17876255392
17876456155
17876583282
17876992836
17878077870
17879315931
17879502516
178811411
17888829686
17888843536
1799671151
18000406919
18000512425
18000519661
18000530861
18000562905
18000564440
18000593991
18001134076
18001265743
18001271582
18001331922
18001339806
18001574744
18001692810
18001818978
18001916086
18002091324
18002205268
18002283886
18002337985
18002985101
18003247807
18003328109
18003578272
18003910809
18003938760
18004020470
18004371555
18004612056
18004870683
18005049088
18005157698
18005213366
18005528880
18005576428
18005955578
18006090866
18006786839
18006862365
18006877661
18006932330
18007001003
18007111706
18007122229
18007150386
18007385920
18007910798
18008096164
18008208191
18008209986
18008376856
18008420332
18008548189
18008550167
18008590406
18008591780
18008636922
18008638323
18008769376
18008786331
18008790399
18009007946
18009028631
18009087203
18009148373
18009205986
18009218723
18009264500
18009393824
18009407864
18009422575
18009917100
18009932768
18009933351
18009987138
18009991860
18010035058
18010104686
18010182502
18010262540
18010483425
18010522861
18010532034
18010767778
18010855237
18010867875
18010877573
18010915962
18011155531
18011439651
18011445264
18011613194
18011656791
18011663433
18011676726
18011784322
18011971846
18012001411
18012523897
18012531290
18012742163
18012957808
18012965300
18013002185
18013045750
18013171617
18013214720
18013328223
18013437823
18013569350
18013764833
18014053941
18014447062
18014681798
18014863456
18014920589
18014921262
18015078061
18015358825
18015706927
18015728303
18015750735
18015755168
18015755483
18015894226
18016000831
18016007893
18016063696
18016114972
18016145005
18016354645
18016418450
18016433480
18016481140
18016525013
18016832020
18017167518
18017386698
18017399788
18017502143
18018021505
18018093903
18018199489
18018279082
18018288777
18018551308
18018675007
18018687287
18018725260
18018764223
18019178890
18019287077
18019565357
18019684582
18019727932
18019902451
18020285968
18020587030
18020868040
18021310139
18021315686
18021627357
18022107573
18022125123
18022158488
18022249959
18022358588
18022392919
18022541877
18022889118
18023131144
18023318232
18023332782
18023549663
18024567845
18025315343
18025387935
18025427569
18025985867
18026008933
18026289820
18026361562
18026664001
18026746234
18027282089
18027428626
18027480961
18027504643
18027765569
18028209955
18028671890
18028784530
18029966009
18030080088
18030136747
18030251276
18030293583
18030402098
18030465756
18030484421
18030503156
18030586430
18030608500
18030629083
18030801161
18030804772
18030995590
18030996169
18031167760
18031208328
18031310570
18031500888
18031570561
18031682115
18031922847
18032017548
18032133453
18032212597
18032303168
18032680388
18032859197
18033079123
18033086809
18033136018
18033302360
18033320209
18033662627
18033698939
18033703871
18033751753
18033814455
18033852219
18034842718
18034883336
18035073491
18035102889
18035131514
18035180873
18035188605
18035208887
18035224661
18035442819
18035494967
18035932719
18036001802
18036091211
18036161970
18036219208
18036653675
18036932676
18036989055
18037111197
18037321540
18037352516
18037390207
18037465102
18037628598
18037809417
18037841477
18037842246
18037869258
18037876066
18037902007
18037906060
18037908385
18037935491
18037995916
18038030398
18038118977
18038119451
18038493180
18038497563
18038939441
18039083132
18039111169
18039300669
18039301073
18039316819
18039588103
18039676782
18039717218
18039803061
18039960816
18039990238
18040044086
18040050611
18040421465
18041269939
18041369227
18041426089
18041935750
18042416565
18042526551
18042620053
18042649956
18042656687
18042999337
18043041034
18043303265
18043619745
18045143025
18045160735
18045523137
18045618234
18045626308
18045885326
18045885909
18045906850
18045997745
18046027380
18046085865
18046301575
18046302163
18046720301
18046772918
18046803462
18046823036
18047111677
18048075372
18048095703
18048123323
18048165812
18048171105
18048443325
18048460502
18048669685
18048692301
18048693530
18048914798
18049062899
18049206623
18049239028
18049518717
18049571695
18049885180
18049973270
18050001250
18050014884
18050042841
18050060092
18050155829
18050209437
18050766942
18050860230
18051020900
18051116088
18051185698
18051301832
18051379796
18051391028
18051830832
18051989090
18052047582
18052050508
18052090593
18052091694
18052095091
18052146392
18052205095
18052235810
18052355813
18052403084
18052520119
18053792709
18054077623
18054175992
18054185517
18054605670
18055220916
18055227393
18055329675
18055395340
18055421628
18055489058
18055531122
18055573223
18055676560
18055777399
18055835987
18055961017
18056207023
18056331140
18056331488
18056397088
18056451376
18056549790
18056638911
18056807223
18056822156
18056892763
18056939009
18057101390
18057299070
18057327395
18057732312
18057877882
18057949796
18058371026
18058419351
18058547285
18058718520
18059050833
18059057971
18059313088
18059386712
18059591771
18059677386
18059816608
18059822340
18059941268
18059967868
18060482902
18060508684
18060869383
18060969199
18061200663
18061459517
18061690636
18061887418
18061930766
18062433513
18062520732
18062642880
18062922148
18062983423
18063207982
18063315705
18063540250
1806390441
18064040766
18064305476
18065020667
18065070052
18065190313
18065574565
18065825199
18065862891
18066066185
18066096769
18066128748
18066151875
18066202727
18066449876
18066505640
18066616612
18066926560
18066958803
18067227765
18067501885
18067586833
18068518035
18068819708
18068864213
18069096930
18069339676
18069518076
18069709818
18069716176
18070020628
18070154414
18070503816
18070599373
18071078117
18071119846
18071134719
18071140720
18071262240
18071422230
18071669487
18071727808
18071855792
18071894756
18072008721
18072287915
18072807887
18072837890
18073153099
18073218551
18073321214
18073419606
18073632671
18073667658
18073677937
18073689420
18073702230
18073906880
18074357009
18074470591
18074492190
18074818860
18075075007
18075100519
18075107215
18075368381
18075709626
18075785646
18075953512
18075971853
18075992663
18076061029
18076332970
18076340201
18076563816
18076753690
18077151506
18077165856
18077219523
18077440330
18077478555
18077565306
18077688913
18077748539
18077765727
18078370253
18078559663
18078869789
18078959870
18079066922
18079155598
18079161236
18079262697
18079289382
18079355583
18079712041
18079908339
18080214393
18080426928
18080472439
18080564261
18080636144
18080666699
18080713892
18080811223
18080813751
18080918630
18080973997
18080976526
18081133967
1808121744
18081230168
18081304976
18081310050
18081336318
18081510096
18081582831
18081621585
18081752602
18081847024
18081907897
18081959135
18082051386
18082128758
18082149786
18082210354
18082211146
18082361259
18082854611
18082856083
18083145253
18083167799
18083778228
18084127171
18084281618
18084868685
18084935098
18085001537
18085101329
18085126880
18085150501
18085151284
18085200933
18085262958
18085309005
18085375077
18085410526
18086042416
18086043882
18086322319
18086366866
18086389875
18086513690
18086535119
18086773361
18086798862
18086976880
18087064349
18087121397
18087162102
18087663572
18087722626
18087874897
18088252135
18088701185
18088718235
18088777677
18089041188
18089157999
18089355821
18089431281
18089528167
18089629239
18089671819
18089865555
18090053565
18090071219
18090236263
18090380775
18090521137
18090806852
18090816559
18090973673
18091026677
18091166950
18091251121
18091256780
18091256786
18091375245
18091667059
18091808210
18091874790
18091981133
18092191026
18092195258
18092201840
18092211134
18092280604
18092299908
18092368732
18092421909
18092459180
18092532507
18092539699
18092603923
18092655741
18092794051
18092913727
18092944240
18092950454
18093043157
18093059982
18093190114
18093403623
18093409399
18093468963
18093515070
18093515198
18093516616
18093564883
18093645960
18093726877
18094150141
18094337585
18095023992
18095094593
18095299865
18095331115
18095641992
18095866231
18095866916
18095946477
18096040420
18096050480
18096066471
18096067603
18096192279
18096365591
18096447256
18096949105
18096964413
18096981961
18097211374
18098084565
18098146242
18098151883
18098180211
18098399186
18098502457
18098570911
18098641002
18098697647
18099064224
18099068701
18099131608
18099132520
18099177391
18099252111
18099310031
18099355248
18099451976
18099511735
18099769153
18099874053
18099879035
18099998153
18100610131
18100791119
18100792651
18101030939
18101034790
18101039312
18101050693
18101207704
18101330549
18101336485
18101490181
18101547492
18101596658
18101805885
18101816329
18101818526
18101837329
18101866060
18101875878
18102085031
18102263236
18102730025
18102889198
18103568160
18103572500
18103658489
18103714725
18103762811
18103800591
18103869936
18103913360
18104228172
18104329388
18104560079
18104713997
18104762889
18104765980
18104837766
18105569911
18105649667
18105711010
18105907835
18106026585
18106971463
18107155098
18107256000
18107866966
18107947425
18108096009
18108098056
18108115700
18108201060
18108278628
18108299277
18108633975
18108635905
18108810092
18108821948
18109040917
18109045838
18109048152
18109141305
18109235520
18109258293
18109290153
18109294612
18109484743
18109500604
18109941708
18110497015
18110866709
18110932905
18110962881
18111330286
18111381169
18111469221
18111500087
18111581626
18111845008
18112325295
18112676523
18113063521
18113166875
18113205337
18113410117
18113505739
18113625391
18113651106
18114354024
18114462214
18114786295
18114822709
18115282883
18115292982
18115725531
18115811329
18115993061
18116056767
18116142219
18116217786
18116283204
18116297778
18116346872
18116359529
18116389539
18116541673
18116554519
18116621601
18116688213
18116972034
18117161481
18117210579
18117215212
18117354701
18117511376
18117537783
18117868087
18117907628
18118123315
18118125525
18118191588
18118781560
18119143830
18119268061
18119301609
18119303646
18119389554
18119467916
18119623829
18119636051
18119697787
18119705522
18119953375
18119998409
18120085926
18120145684
18120158831
18120166850
18120172956
18120332027
18120336715
18120451881
18120587590
18120826290
18120943449
18121028831
18121068888
18121286626
18121292886
18121333297
18121762106
18121791675
18121818680
18121837857
18121871608
18121946022
18122582918
18122660235
18122872773
18122893418
18123037600
18123183321
18123236658
18123355363
18123356235
18124260825
18124901017
18125093542
18125159923
18125251425
18125552552
18125823585
18126013309
18126220618
18126501912
18126844370
18127657739
18127676803
18127972280
18127974991
18128738892
18128876855
18129095736
18129209626
18129303289
18129372338
18129561997
18129914450
18129938829
18130026637
18130187605
18130358882
18130795228
18131110372
18131255826
18131263843
18131302078
18131354937
18131510728
18131582185
18131634385
18131687002
18132067572
18132126520
18132151067
18132190747
18132291587
18132725231
18132758853
18132763996
18133106835
18133504272
18133629147
18133685377
18133688108
18133847221
18134226075
18134252465
18135120170
18135187446
18135188966
18135838863
18135992947
18136100656
18136219652
18136875012
18137182853
18137219808
18137221884
18137368498
18137603152
18137636757
18137639622
18137688258
18137695669
18137772781
18137830325
18137893929
18137977796
18138801958
18139061389
18139267007
18139485613
18139592732
18139620033
18139657935
18139690669
18140045776
18140114915
18140124525
18140142589
18140230921
18140379129
18140549188
18140670619
18142344660
18142483151
18142500631
18142551830
18142569008
18144057961
18144217313
18145134587
18145140795
18145601636
18145687518
18145871687
18146627290
18146629498
18146685532
18146722208
18146738736
18146856270
18147220359
18147698577
18149412944
18149433872
18149490342
18149757632
18149898166
18150578503
18150670255
18150677191
18150806739
18150906781
18151561529
18151666366
18151725710
18151739525
18151739660
18152009675
18152027775
18152066300
18152081417
18152112996
18152137628
18152321113
18152656695
18152671350
18153111579
18153505481
18153533165
18153621063
18153631249
18153959823
18153959859
18154332407
18154946966
18155026999
18155105004
18155248615
18155401674
18155425034
18155520232
18155645208
18155943494
18156082058
18156320716
18156547020
18156786866
18158421268
18158422787
18158857125
18159000010
18159211025
18159265988
18159323579
18159493612
18159736362
18160224869
18160872093
18161020062
18161049603
18161154213
18161172510
18161301750
18161456262
18161486713
18161760610
18162303743
18162311890
18162458937
18162862602
18163097202
18163565047
18163629321
18163798997
18163906917
18164090839
18164580076
18165020788
18165039875
18165277852
18165515979
18165517130
18165728690
18165805827
18166343241
18166397779
18166691591
18166800479
18166832546
18166857476
18166888535
18166908096
18167221856
18167316612
18168009637
18168053363
18168170337
18168218567
18168219102
18168239982
18168323221
18168906580
18169202765
18169231458
1816929788
18169330121
18169504001
18169510700
18170018880
18170089852
18170123678
18170160699
18170194505
18170600731
18170829051
18170857093
18170883231
18170906575
18170947205
18170973972
18171111817
18171230763
18171231869
18171602867
18172035767
18172665993
18172737920
18172770611
18173337075
18173351321
18173380135
18173662277
18173916805
18173949368
18174243115
18174708523
18175891513
18175902561
18176520373
18177112183
18177156588
18177204168
18177280531
18178605096
18179060859
18179123620
18179222248
18179431812
18179869540
18180000152
18180055524
18180289065
18180304112
18180434877
18180489016
18180650391
18180714969
18180743758
18180771153
18181107218
18181520632
18181614580
18181765268
18181991328
18182207755
18182228872
18182257327
18182283110
18182515327
18182909310
18183055787
18183361953
18183433316
18183619181
18183623882
18184283746
18184972650
18185003357
18185007677
18186287197
18186510341
18186943540
18188117555
18189252591
18189384379
18189536870
18189602465
18189832151
18189891568
18190151774
18190322978
18190339417
18190484379
18190500020
18190509838
18190739568
18190741526
18191261675
18191386987
18191608274
18191653421
18191708870
18191787863
18192162581
18192202195
18192245971
18192272885
18192368292
18192398710
18192603208
18193144591
18193166622
18193482266
18193498962
18193519088
18193522968
18193580706
18193768375
18193943886
18194097675
18195370668
18195881938
18196005832
18196007165
18196222652
18196321598
18196544765
18196588123
18196609999
18196639203
18196734689
18196747408
18198057383
18198602754
18198666008
18199002305
18199256070
18199263886
18199311331
18199655118
18199681406
18199736256
18199783959
18200100201
18200115233
18200156227
18200173902
18200181840
18200208745
18200219866
18200282279
18200282338
18200298592
18200332640
18200362744
18200395605
18200410508
18200432187
18200510502
18200538029
18200567629
18200746074
18200797123
18200845074
18200998261
18201000121
18201029768
18201061869
18201077251
18201100873
18201132838
18201163354
18201192640
18201393662
18201417404
18201424472
18201438314
18201572290
18201662322
18201685791
18201713303
18201716032
18201725837
18201759693
18201994169
18202044794
18202048694
18202076660
18202182027
18202229850
18202230959
18202289252
18202297908
18202299782
18202342304
18202407661
18202416580
18202460582
18202460694
18202461163
18202520547
18202528449
18202529522
18202537072
18202556582
18202571341
18202572357
18202579015
18202582319
18202592212
18202592596
18202610011
18202615792
18202653982
18202697899
18202796309
18202797761
18202806914
18202885324
18202886337
18202893916
18203038105
18203095528
18203246358
18203247275
18203248852
18203356563
18203383843
18203410245
18203436044
18203554051
18203557651
18203639313
18203761521
18203761599
18203836310
18203928623
18203996990
18204041393
18204228128
18204242822
18204265584
18204268446
18204312303
18204313154
18204318986
18204383898
18204399721
18204445377
18204545400
18204616800
18204624120
18204692067
18204705670
18204800769
18204812204
18204925687
18205007363
18205188114
18205190357
18205252411
18205277847
18205348511
18205461669
18205480737
18205545512
18205572664
18205621371
18205680277
18205699646
18205733605
18206031019
18206047455
18206120257
18206180498
18206292356
18206298591
18206306263
18206314646
18206377007
18206389722
18206614575
18206739501
18206762870
