18206798167
18206804221
18206910725
18206923359
18207138204
18207302359
18207408338
18207412777
18207469812
18207492180
18207590679
18207683151
18207685686
18207710068
18208120394
18208192506
18208225570
18208446996
18208486135
18208643577
18208782925
18208844297
18208877919
18208984133
18209002975
18209062332
18209090159
18209338501
18209670588
18209685881
18209802751
18209831611
18209965886
18209971203
18209980828
18210006167
18210102119
18210131495
18210141599
18210169232
18210209077
18210218812
18210234845
18210256244
18210309771
18210311658
18210312398
18210433775
18210516812
1821054981
18210588691
18210589118
18210768009
18210821723
18210926964
18210973452
18210977766
18210986889
18211003698
18211010183
18211021729
18211069148
18211070760
18211185607
18211192403
18211293310
18211541216
18211650277
18211655660
18211734992
18211736395
18211752906
18211902743
18211921707
18211964229
18212012132
18212090846
18212091453
18212280361
18212283639
18212291874
18212364845
18212371694
18212440139
18212454842
18212640255
18212648762
18212710969
18212747839
18212996692
18213064607
18213066342
18213093944
18213207747
18213455431
18213510821
18214077606
18214126568
18214175116
18214361978
18214628154
18214692864
18214786909
18215105167
18215114094
18215131255
18215230697
18215519579
18215556750
18215569517
18215604366
18215613983
18215632652
18215664090
18215666924
18216093098
18216107983
18216166030
18216239952
18216280682
18216310774
18216728435
18216803070
18216831787
18217035649
18217067672
18217117030
18217154529
18217282296
18217349903
18217362968
18217370760
18217797623
18218120898
18218154717
18218191544
18218259826
18218368032
18218438979
18218465880
18218527667
18218541017
18218641556
18218711590
18218805304
18218864232
18218890803
18218917385
18219055230
18219080242
18219116591
18219117083
18219152310
18219189549
18219344052
18219648768
18219921021
18219957955
18220052300
18220170429
18220288500
18220315365
18220351870
18220462383
18220524962
18220563763
18220565621
18220745575
18220781427
18220785775
18220797300
18220916643
18220982574
18221071395
18221107886
18221111358
18221120951
18221141207
18221153664
18221208859
18221239092
18221313900
18221400860
18221431760
18221447158
18221589468
18221628536
18221642096
18221663676
18221838326
18221878753
18221926213
18221931509
18222107679
18222270755
18222278105
18222300980
18222310056
18222663046
18222705922
18222914597
18222921747
18222926919
18222939417
18222939733
18223001873
18223045726
18223367259
18223382371
18223506179
18223626084
18223670261
18224019577
18224039616
18224042153
18224063849
18224419112
18224426281
18224429905
18224454108
18224458007
18224493133
18224582961
18224593241
18224830279
18224932978
18225046935
18225064285
18225067037
18225194512
18225220432
18225283448
18225374767
18225421115
18225507650
18225516393
18225517203
18225523165
18225529009
18225643613
18225653562
18225669216
18225694198
18225882231
18225884367
18226199882
18226209786
18226602692
18226907591
18226910932
18226981684
18227174832
18227176680
18227183037
18227359957
18227363157
18227378398
18227426446
18227555617
18227557437
18227597465
18227637771
18227637833
18227807420
18227817841
18227834389
18227876541
18227942355
18228000322
18228030907
18228077544
18228150062
18228155628
18228208979
18228395985
18228532171
18228558507
18228560441
18228593240
18228611219
18228659196
18228671003
18228975667
18228992553
18228993575
18229073060
18229080991
18229110635
18229296377
18229360137
18229390310
18229403973
18229473935
18229602062
18229744984
18229838705
18229867196
18229929083
18229953250
18229967990
18230012813
18230147227
18230178961
18230213119
18230217626
18230227535
18230323262
18230379510
18230387425
18230460981
18230504493
18230618302
18230698760
18230703635
18230703978
18230796895
18230811549
18230845387
18230865358
18231027796
18231052923
18231119110
18231183812
18231236990
18231263846
18231404521
18231450936
18231510909
18231743173
18232188440
18232244041
18232310804
18232406825
18232463162
18232586909
18232683883
18232745480
18232755440
18232967684
18233005685
18233123603
18233137712
18233257653
18233277871
18233297509
18233331918
18233353888
18233361255
18233483626
18233527373
18233562269
18233563332
18233583864
18233587564
18233589589
18233683179
18233738852
18233749038
18234044142
18234065295
18234074229
18234078923
18234083687
18234084605
18234085494
18234101589
18234102468
18234104310
18234112480
18234142208
18234142234
18234142241
18234143575
18234149154
18234151191
18234151459
18234214808
18234228385
18234271127
18234429003
18234443051
18234473220
18234661198
18234769044
18234863511
18235037092
18235119379
18235133130
18235137480
18235142312
18235152485
18235161238
18235162047
18235189726
18235216812
18235239084
18235302002
18235370693
18235444309
18235455048
18235471642
18235473103
18235513922
18235649363
18235703650
18235763883
18235802485
18235813560
18235836227
18235875903
18235881278
18235916510
18235926451
18235975802
18236226793
18236270937
18236285303
18236321116
18236329709
18236375176
18236452707
18236583771
18236589029
18236663850
18236703185
18236721228
18236733069
18236752949
18236800259
18236811822
18236812382
18236817693
18236865753
18236886053
18236902820
18236930184
18236965550
18236975055
18237078967
18237080420
18237117133
18237165675
18237313566
18237326193
18237341998
18237353900
18237361307
18237377016
18237450563
18237481449
18237535302
18237573248
18237599873
18237673419
18237868781
18237911767
18237922793
18238048246
18238200825
18238201737
18238253586
18238389759
18238469432
18238487427
18238500678
18238662886
18238675417
18238722833
18238781808
18238791514
18238812700
18238827072
18238860209
18239114270
18239133206
18239155392
18239201765
18239278572
18239415510
18239440071
18239491823
18239519927
18239566526
18239589025
18239650976
18239750796
18239762320
18239821907
18239889061
18239890280
18239905041
18239919981
18239929958
18239979812
18239993933
18240296062
18240729097
18240842491
18240886853
18240907292
18241052573
18241088094
18241150218
18241212433
18241296771
18241301309
18241312298
18241339797
18241422950
18241614806
18241946912
18241951079
18241987400
18242019057
18242108950
18242136442
18242141261
18242367279
18242414105
18242470918
18242504649
18242688079
18242688880
18242723073
18242858332
18242885672
18242981950
18243135053
18243159816
18243269208
18243286411
18243287788
18243303800
18243363637
18243502209
18244192086
18244232367
18244299043
18244422415
18244683792
18244911755
18244914207
18244940640
18244977203
18245032289
18245033289
18245077061
18245081520
18245092638
18245115837
18245157237
18245175894
18245195950
18245286085
18245306506
18245486168
18245675283
18245766630
18245964337
18245978066
18246040369
18246158419
18246528424
18246661654
18246698200
18246752006
18246811331
18246823124
18246867745
18246992833
18247019025
18247102993
18247108044
18247166996
18247331175
18247331775
18247355990
18247552353
18247556905
18247799925
18247807728
18247845529
18247888325
18248041400
18248258991
18248506462
18248546137
18248904195
18248908348
18249058789
18249244773
18249267671
18249436211
18249467633
18249557982
18249662940
18249815056
18249825999
18249950270
18250038665
18250115059
18250116881
18250188630
18250231300
18250232682
18250293642
18250589517
18250609361
18250779918
18250785097
18251038091
18251050625
18251172181
18251206272
18251243167
18251298002
18251800635
18251817895
18251817913
18251827752
18251835663
18251884929
18251891537
18251908707
18251920539
18251925607
18252051727
18252057875
18252064676
18252068492
18252069989
18252099398
18252152983
18252207756
18252264221
18252505056
18252533509
18252536456
18252689101
18252793750
18252840621
18252858101
18252952833
18252957701
18252958916
18252964343
18253157133
18253201772
18253208429
18253405362
18253550512
18253560379
18253561683
18253575729
18253717299
18253781768
18253864306
18253870606
18253902207
18253908723
18254068594
18254216873
18254219475
18254316589
18254420104
18254648446
18254702355
18254757883
18254846362
18255147406
18255160614
18255273052
18255335913
18255371176
18255472317
18255478285
18255478417
18255480176
18255569290
18255645250
18255801215
18256056276
18256060086
18256072850
18256074366
18256178389
18256323353
18256330932
18256559613
18256703668
18256758920
18256759749
18256786202
18256825577
18256882076
18256947159
18257085881
18257108737
18257135563
18257152603
18257163620
18257175589
18257269726
18257768632
18257901694
18257911691
18258053197
18258140727
18258149079
18258172556
18258203939
18258223223
18258266227
18258372689
18258497509
18258695946
18258741697
18258846063
18259002298
18259049887
18259233645
18259288274
18259291393
18259297004
18259503781
18259506630
18259672660
18259712706
18259964875
18260003848
18260055607
18260072563
18260076760
18260347340
18260383342
18260520893
18260632494
18260636576
18260637466
18260767270
18260775546
18260832360
18261039290
18261142076
18261382003
18261546537
18261559767
1826177642
1826183603
18261925579
18261974202
18261997267
18262008636
18262082947
18262198978
18262251805
18262273185
18262334671
18262387328
18262561314
18262601729
18262622591
18262638875
18262809100
18262810376
18262822920
18262872679
18262989600
18263119922
18263211809
18263273973
18263377505
18263454426
18263617618
18263778589
18263801805
18263839361
18263860574
18263898192
18264025398
18264050692
18264089044
18264150397
18264229997
18264379173
18264755212
18264778497
18264813500
18265139267
18265146083
18265463134
18265526218
18265538339
18265758495
18265960961
18265961993
18265992008
18266205918
18266540110
18266622428
18266650790
18266734562
18267108045
18267146098
18267218666
18267419982
18267443699
18267516834
18267632106
18267861322
18267915159
18267970007
18267983251
18268025756
18268040751
18268196789
18268253397
18268291876
18268301171
18268733834
18268781870
18269789521
18269863260
18269987790
18270168511
18270250690
18270397620
18270412006
18270674373
18270687592
18270812634
18270814748
18270823676
18270836846
18270840070
18270852768
18270871030
18270876040
18270877819
18270881028
18270887135
18270887964
18270892463
18270899024
18270917954
18270924987
18270988782
18270995498
18271014655
18271169042
18271258699
18271263758
18271283187
18271313134
18271413923
18271437370
18271511343
18271625239
18271627955
18271675513
18271763373
18271820177
18271827558
18271910295
18271913635
18271920395
18272062188
18272351601
18272426843
18272635728
18272710999
18272719998
18272741326
18272766200
18272794506
18272898163
18273007715
18273095275
18273192126
18273235691
18273258702
18273302511
18273338884
18273362680
18273448561
18273449726
18273470245
18273472925
18273496662
18273615289
18273687866
18273716961
18273778396
18274076752
18274119497
18274121133
18274156956
18274239978
18274307669
18274381061
18274541256
18274711353
18274729707
18274832154
18274878239
18274889001
18274948399
18274995532
18275117786
18275166104
18275215081
18275271605
18275338378
18275343885
18275355860
18275360608
18275385221
18275420897
18275559883
18275601459
18275744720
18275761206
18275798463
18275815001
18276384346
18276475914
18276635008
18276668720
18276714565
18276722579
18277004713
18277105499
18277120391
18277127486
18277144892
18277223506
18277326351
18277677949
18278040993
18278053025
18278178953
18278331638
18278679932
18279095005
18279132252
18279154078
18279179802
18279196758
18279231306
18279249680
18279415067
18279592393
18279640485
18279696636
18279776322
18279806862
18279930558
18280021998
18280025765
18280058746
18280061529
18280069432
18280092752
18280111838
18280114032
18280188306
18280235380
18280236650
18280236663
18280241918
18280262009
18280290075
18280321732
18280363309
18280413778
18280462389
18280464900
18280469720
18280490579
18280498489
18280501296
18280550661
18280733243
18280734340
18280832980
18280863609
18280876034
18280910024
18280973296
18280979799
18281029507
18281070217
18281070323
18281087541
18281116765
18281230397
18281258819
18281302532
18281350723
18281453088
18281567704
18281604784
18281696053
18281759032
18281792610
18281813666
18281861624
18281874634
18281913218
18281978142
18282017845
18282020696
18282046678
18282049386
18282216647
18282586755
18282649845
18282672008
18282680373
18282701758
18282708510
18282766659
18282783088
18282970892
18282974293
18283010320
18283032664
18283033052
18283202102
18283216834
18283231718
18283264887
18283385355
18283429886
18283506404
18283553204
18283581197
18283872965
18283907019
18283938171
18283947903
18283959766
18283991851
18284057879
18284145480
18284166345
18284175321
18284221292
18284248581
18284366079
18284395304
18284512658
18284551750
18284818697
18285015607
18285045215
18285050132
18285057584
18285094995
18285111470
18285124475
18285193726
18285266309
18285346687
18285405705
18285433695
18285490161
18285494325
18285553984
18285559024
18285606623
18285652590
18285727416
18285777557
18285922284
18286042956
18286117810
18286153474
18286188486
18286208470
18286237907
18286268423
18286376453
18286477477
18286488691
18286598575
18286626046
18286676642
18286725311
18286796372
18286823372
18286831184
18286898002
18287160928
18287244742
18287448576
18287460176
18287490925
18287530259
18287542407
18287641602
18287710548
18287712073
18287721134
18287731288
18287759186
18288300568
18288443573
18288505270
18288625076
18288632600
18288684558
18288686922
18288746282
18288796857
18289337096
18289922004
18290062225
18290063322
18290198137
18290215864
18290262318
18290407790
18290624729
18290636536
18290665298
18290774465
18290803208
18290811821
18291003833
18291130825
18291166491
18291223399
18291322311
18291379425
18291427837
18291446018
18291482184
18291748515
18291810593
18291822195
18291826483
18291833996
18291851055
18291865139
18291938822
18291949518
18291968066
18291974575
18291979140
18291990352
18292055204
18292204506
18292295150
18292313100
18292346312
18292355058
18292370058
18292372253
18292406193
18292449416
18292486727
18292576271
18292578640
18292621097
18292822218
18292822256
18292876095
18292924255
18292953417
18293073292
18293117510
18293155802
18293270661
18293301212
18293335531
18293420573
18293565536
18293729528
18293748454
18293826363
18293873521
18293881113
18294116599
18294391969
18294490536
18294656628
18294812212
18294813565
18294862860
18295087072
18295162060
18295171812
18295373269
18295512770
18295517021
18295570250
18295571220
18295586085
18295609913
18295713536
18295763311
18295770498
18295805815
18295897400
18295931073
18295955766
18295995686
18296070097
18296156430
18296157065
18296184089
18296190119
18296198636
18296274169
18296300594
18296315331
18296669564
18296676658
18296761537
18296992185
18297110855
18297134647
18297161711
18297300737
18297503920
18297543001
18297884267
18297902357
18297919825
18297980745
18298133998
18298262611
18298269538
18298309835
18298333997
18298346751
18298357948
18298382859
18298485330
18298698131
18298729838
18298770008
18298950381
18299067132
18299162590
18299196809
18299312153
18299366722
18299373031
18299463870
18299777409
18299783111
18299913716
18299959123
18299981113
18300051295
18300072025
18300082665
18300288038
18300530304
18300573383
18300684589
18300685916
18300762850
18300768950
18300874558
18301058729
18301061742
18301219313
18301251508
18301264501
18301319335
18301373112
18301417178
18301682292
18301683581
18301700062
18301749523
18301800839
18301913719
18301934531
18301983713
18302040882
18302053747
18302119979
18302310581
18302314040
18302325090
18302382452
18302408974
18302444746
18302447823
18302526954
18302533243
18302550051
18302590901
18302635653
18302676030
18302808351
18302846840
18302883623
18302931314
18303073529
18303192001
18303209157
18303231767
18303330457
18303387933
18303422996
18303451073
18303580752
18303952880
18304049485
18304141280
18304389833
18304526361
18304582055
18304598119
18304606469
18304639026
18304660942
18304677699
18305050762
18305080993
18305159794
18305296207
18305529683
18305605962
18305645555
18305776261
18305917770
18306075982
18306090203
18306091726
18306172037
18306290701
18306390229
18306391909
18306422790
18306497751
18306619940
18306650511
18306755679
18306776562
18306829887
18306873214
18307059178
18307203517
18307212067
18307286322
18307396103
18307413183
18307453254
18307550203
18307557059
18307942752
18307945816
18307981579
18308157453
18308257792
18308271468
18308291110
18308313826
18308314053
18308375767
18308459581
18308575003
18308627330
18308657876
18308740265
18308970434
18308981362
18309173618
18309206289
18309213271
18309238981
18309293701
18309299240
18309315100
18309413456
18309414864
18309479882
18309670916
18309713508
18309745617
18309862251
18309863449
18309913302
18310004010
18310160773
18310165132
18310233125
18310272799
18310349982
18310474034
18310554435
18310607370
18310608772
18310778961
18310883052
18310960653
18310993135
18311302096
18311429104
18311438346
18311442846
18311563317
18311574236
18311592014
18311799117
18311945069
18312050701
18312092193
18312106539
18312135014
18312160857
18312163303
18312330215
18312421995
18312518301
18312689090
18312710617
18312977702
18313005011
18313020524
18313023800
18313339579
18313776184
18313804880
18313912148
18313973956
18314120001
18314288342
18314359594
18314402712
18314403170
18314424016
18314482807
18314482891
18314483171
18314488184
18314490721
18314501743
18314542646
18314566958
18314789882
18315005954
18315270341
18315571106
18315605188
18315634267
18315701684
18315709414
18315801051
18315871986
18315913700
18315973365
18316022638
18316048530
18316138863
18316256824
18316277016
18316549068
18316570016
18316810529
18316865815
18316951885
18317003257
18317018363
18317326158
18317341954
18317507602
18317510231
18317577652
18317716621
18317734423
18317778237
18317896135
18317899744
18317933757
18317992585
18318051655
18318062057
18318127823
18318153201
18318429462
18318520296
18318540177
18318551610
18318623436
18318771014
18318903566
18318911190
18318978354
18318993701
18319030378
18319033268
18319296619
18319398553
18319532552
18319669728
18320012233
18320052130
18320148816
18320397273
18320606671
18320635471
18320768118
18320828323
18320933865
18321079132
18321120231
18321133805
18321227670
18321296805
18321400340
18321462415
18321557861
18321653713
18321700798
18321717879
18321772017
18321802220
18321803008
18321943005
18322020648
18322107919
18322113989
18322162571
18322235705
18322259815
18322390701
18322507025
18322518113
18322595210
18322596443
18322696056
18322705164
18322715325
18322966261
18323048402
18323411142
18323536810
18323723421
18323761144
18324096701
18324146744
18324186917
18324221826
18324516841
18324540252
18324586640
18324587231
18325019612
18325187873
18325332557
18325501041
18325521420
18325553511
18325739202
18325989188
18326010670
18326021711
18326061507
18326314134
18326346203
18326492696
18326543353
18326654640
18326663170
18326791765
18326856373
18326908538
18326926863
18326948202
18326948946
18326966330
18327557079
18327600575
18327862070
18328037707
18328065170
18328066317
18328068504
18328077856
18328084309
18328086097
18328096027
18328108100
18328138753
18328172020
18328304418
18328326558
18328327987
18328388560
18328447287
18328457048
18328458799
18328473642
18328487633
18328496953
18328553304
18328563949
18328582680
18328628640
18328630671
18328688094
18328690147
18328696010
18328740671
18329002101
18329003329
18329020974
18329024508
18329035385
18329072607
18329157168
18329303988
18329359225
18329382736
18329390442
18329491160
18329608946
18329613789
18329803661
18330011496
18330103942
18330106304
18330119399
18330128391
18330215895
18330226086
18330253052
18330370985
18330487629
18330521604
18330688821
18330692036
18330771019
18330821069
18330822891
18331028375
18331028733
18331062206
18331072176
18331127500
18331151706
18331152121
18331170089
18331279079
18331296651
18331506587
18331567852
18331779757
18331833169
18331912857
18331929792
18332045827
18332115559
18332253727
18332345639
18332511994
18332565383
18332569353
18332707601
18332872593
18332960527
18333115569
18333127608
18333158367
18333218881
18333287176
18333540118
18333571857
18333614372
18333617736
18333633739
18333698733
18333909979
18333987840
18334002292
18334049638
18334061354
18334167242
18334273841
18334550001
18334701061
18334704347
18334723123
18334727455
18334728605
18334787399
18334868578
18335011884
18335101319
18335103226
18335105512
18335106722
18335107067
18335107864
18335108446
18335124858
18335157454
18335163090
18335165546
18335170956
18335226997
18335262365
18335442478
18335480400
18335655293
18335760238
18335791874
18335838008
18335936274
18336022510
18336025581
18336033810
18336037517
18336071170
18336071322
18336078229
18336284243
18336363113
18336369792
18336380212
18336399892
18336776821
18336777158
18337082927
18337090756
18337165152
18337187389
18337370840
18337403547
18337518003
18337556056
18337622440
18337805072
18337902735
18337986303
18337996512
18338040568
18338063100
18338090996
18338157574
18338218932
18338231205
18338242246
18338257825
18338289979
18338371570
18338671200
18338818279
18338887319
18338939558
18338940966
18338951144
18339036571
18339097175
18339227761
18339267209
18339418845
18339444908
18339537321
18339674482
18339921215
18339943279
18339956583
18339980830
18340432763
18340613693
18340791587
18340807028
18340817203
18340817277
18340819931
18340828985
18340829816
18340834451
18340838285
18340854468
18340869454
18341039739
18341061376
18341315140
18341344803
18341345447
18341706550
18341708323
18341731717
18341760451
18341838986
18341894963
18341923808
18341962717
18341994476
18342210370
18342632859
18343252345
18343389805
18343537708
18343922333
18344022360
18344040151
18344094449
18344306277
18344408820
18344632682
18344995386
18345053660
18345140205
18345174245
18345182073
18345199304
18345294089
18345414691
18345534164
18345561989
18345614196
18345653821
18345814214
18345814386
18345823552
18345970767
18346037924
18346144928
18346178140
18346248077
18346268091
18346310697
18346351316
18347064322
18347103818
18347254171
18347443430
18347753120
18347890686
18348081400
18348092138
18348409581
18348568234
18348898808
18349112280
18349132714
18349134362
18349153641
18349158332
18349236324
18349295338
18349614439
18349988113
18350461293
18350496213
18350528126
18350681255
18350750856
18350756795
18350940610
18350953127
18350968013
18351004517
18351050711
18351296080
18351352852
18351391145
18351415679
18351560179
18351577577
18351578157
18351802756
18351851656
18351867732
18351888537
18351971115
18351977062
18351998532
18352207103
18352265729
18352291960
18352388898
18352560941
18352562665
18352565602
18352602570
18352710901
18352771335
18352781018
18352791021
18352859279
18352861019
18352898718
18353117807
18353121769
18353135308
18353151582
18353153177
18353156431
18353189786
18353361687
18353452977
18353615006
18353630021
18353689535
18353712225
18353721141
18353817757
18353955769
18353972796
18354081282
18354139768
18354234637
18354255134
18354272120
18354273763
18354560210
18354714005
18354848186
18354977235
18355063332
18355081434
18355085295
18355117188
18355252077
18355328990
18355371847
18355430239
18355562125
18355568386
18355600208
18355606231
18355738657
18355782723
18355932336
18355963154
18356067960
18356090302
18356170993
18356237566
18356285932
18356633746
18356637511
18356737565
18356870582
18356921522
18357031368
18357074127
18357122857
18357177920
18357228021
18357239687
18357364867
18357495812
18357523293
18357539517
18357565157
18357685626
18357729889
18357941759
18358023171
18358075297
18358166767
18358318373
18358541937
18358561306
18358586131
18358593789
18358601689
18358620701
18358780821
18359184210
18359237415
18359238065
18359366877
18359517927
18359556597
18359621170
18359677606
18359788603
18359915431
18360073919
18360170977
18360194715
18360209611
18360314964
18360343083
18360346542
18360360906
18360429089
18360493136
18360528845
18360532099
18360609693
18360727131
18360730382
18360733189
18360735416
18360905573
18360921498
18360939451
18361116302
18361160257
18361207258
18361209152
18361230405
18361247067
18361267236
18361272126
18361293285
18361310253
18361330581
18361504306
18361621698
18361623225
18361672686
18362007114
18362009899
18362022484
18362062815
18362132302
18362163241
18362163272
18362202871
18362247861
18362325244
18362360130
18362387899
18362502320
18362978980
18362980659
18363002089
18363038422
18363059135
18363062577
18363082925
18363131853
18363138321
18363182946
18363233626
18363259072
18363428772
18363435178
18363446804
18363500855
18363626007
18363626882
18363677126
18363695127
18363777311
18363830902
18363859581
18363872126
18363974120
18363991623
18363995503
18363995509
18363997476
18364098616
18364111920
18364165723
18364359590
18364530505
18364620381
18364678890
18364859720
18364918657
18364937226
18365012531
18365110217
18365264509
18365269473
18365288647
18365297385
18365756201
18366091665
18366112708
18366115586
18366131721
18366135450
18366180924
18366181160
18366188985
18366194421
18366196370
18366280359
18366287801
18366651613
18366733195
18366819850
18366837789
18366860156
18366938561
18367271160
18367363053
18367558906
18367609120
18367619135
18367777906
18367809815
18367810232
18367816619
18367823769
18367828735
18367851005
18367905445
18367967127
18367975570
18368091984
18368116547
18368166817
18368368775
18368371549
18368383605
18368404429
18368492917
18368494813
18368497463
18368514114
18368565536
18368566639
18368640704
18368821679
18368842716
18368858166
18368881118
18368887002
18368913569
18368914605
18369012334
18369112255
18369181157
18369181970
18369188373
18369443100
18369651726
18369656298
18369708290
18369932517
18369939312
18370034326
18370036508
18370126389
18370302186
18370304606
18370598905
18370882141
18370891094
18370960170
18371088240
18371208044
18371234223
18371234873
18371242247
18371760622
18372223639
18372286914
18372505460
18372507849
18372516641
18372552389
18372600957
18372649623
18372711126
18372732110
18373052335
18373117946
18373127255
18373145419
18373206001
18373234287
18373264509
18373447331
18373534107
18373552741
18373557901
183736152
18373622813
18373692648
18373737246
18373782645
18373839657
18373908535
18373920613
18373947702
18373998391
18374139830
18374150491
18374310977
18374315203
18374505699
18374516090
18374602893
18374642399
18374720255
18374752141
18374845447
18374861158
18374950142
18374963399
18374977691
18374998040
18375116198
18375117821
18375288133
18375334476
18375342381
18375349151
18375489929
18375647157
18375687217
18375829060
18375849168
18375871558
18375899369
18375917836
18375934160
18375943147
18375959428
18376000357
18376033443
18376155213
18376557150
18376629610
18376670656
18376671714
18376677324
18376749399
18376951316
18376987631
18377104586
18377150511
18377367368
18377552096
18377675248
18377879789
18377954062
18377954456
18378130956
18378182002
18378288872
18378300881
18378422812
18378455152
18378458058
18378502144
18378802727
18378829277
18378835670
18378914735
18378996835
18379148032
18379169847
18379188434
18379221352
18379467414
18379518010
18379601796
18379777186
18379782195
18379952814
18380150703
18380169176
18380220847
18380266223
18380331101
18380389720
18380420209
18380481241
18380563328
18380564647
18380573207
18380575090
18380585327
18380586559
18380588244
18380592879
18380593759
18380718504
18380804810
18380805592
18380828077
18380828808
18380842855
18380914251
18380935719
18380937138
18381005435
18381069717
18381173473
18381181079
18381189936
18381307042
18381334913
18381438189
18381444371
18381479449
18381565011
18381579578
18381611095
18381638370
18381663044
18381666570
18381678531
18381687941
18381719630
18381747489
18381830036
18381868413
18382000577
18382033553
18382046505
18382048826
18382060129
18382116067
18382148745
18382234048
18382256684
18382258154
18382301179
18382325503
18382405557
18382409112
18382412258
18382415183
18382423369
18382442414
18382455571
18382457173
18382465363
18382478661
18382488521
18382534986
18382579226
18382659425
18382738238
18382762770
18382798245
18382822386
18382928240
18382979108
18383129908
18383235220
18383312810
18383381658
18383459757
18383819663
18383988033
18384116849
18384185207
18384267919
18384299187
18384546180
18384548580
18384578411
18384630455
18384707497
18384771429
18384905487
18384941326
18385040508
18385066105
18385112216
18385131062
18385266586
18385553142
18385699212
18385699470
18385759590
18385861924
18385990450
18386171661
18386465057
18386466072
18387004912
18387120284
18387377873
18387388415
18387413301
18387559003
18387717083
18387760770
18387831273
18387883468
18388057929
18388133352
18388213750
18388281864
18388514122
18388737830
18388820963
18389134339
18389260758
18389349280
18389385309
18389435401
18390011062
18390018160
18390026509
18390035095
18390090000
18390098075
18390161209
18390218081
18390249262
18390262296
18390411194
18390452630
18390528689
18390551043
18390729687
18390769311
18390785387
18390837110
18390843799
18390866465
18390901121
18390909216
18390927017
18390957759
18391037877
18391073244
18391093613
18391256166
18391298013
18391390244
18391403210
18391704239
18391708930
18391839272
18391871310
18392005102
18392052378
18392067255
18392069065
18392073531
18392078550
18392168535
18392196379
18392206714
18392221637
18392294338
18392351675
18392373789
18392391985
18392461154
18392502838
18392559050
18392573002
18392576365
18392683992
18392723190
18392868098
18392876874
18392885802
18392896034
18392922978
18392946999
18393026331
18393287587
18393352257
18393354315
18393496961
18393615504
18393915463
18393973296
18394013168
18394028818
18394082149
18394130818
18394162686
18394164850
18394168242
18394169551
18394171445
18394183901
18394498017
18394513911
18394514765
18394518837
18394595682
18394669050
18394812246
18394815118
18395015607
18395171981
18395200955
18395306001
18395562558
18395588285
18395803726
18395981998
18396025222
18396171631
18396189603
18396195146
18396339960
18396355097
18396382137
18396496608
18396854178
18396984434
18397405717
18397415348
18397616669
18397700468
18397749813
18397799936
18397866096
18398044460
18398123487
18398211810
18398301890
18398409255
18398506755
18398602886
18398622853
18398751117
18398902876
18398959930
18398971159
18399072428
18399278660
18399449301
18399636238
18399698273
18399922899
18401221700
18401604022
18402932400
18402993302
18403489592
18404264440
18404902611
18404966173
18404967044
18404985921
18406127303
18406500516
18406502275
18407722591
18407762137
18407787856
18407823545
18408216916
18408218630
18408231466
18408249708
18408259869
18408260165
18408267452
18408272236
18408619903
18409259870
18409781919
18410069630
18410160698
1841923819
18419739041
18420100091
18420178907
18423119971
18423158097
18423159352
18423454273
18423643940
18423682640
18426443924
18428057657
18428096528
18428312405
18428320286
18428325215
18428330570
18428331251
18428337241
18428350355
1843172519
18434101192
18434305641
18434390898
18434399397
18434868832
18435100308
18435101134
18435102110
18435102495
18435118434
18435119629
18435132698
18435132952
18435135406
18435147802
18435156210
18435164992
18435166697
18435170437
18435176067
18435186027
18435186139
18435206894
18435209961
18435226032
18435501662
18435600594
18435620477
18435628169
18435719006
18437218065
18437303041
18437365945
18437826312
18437953378
18438227780
18438612325
18438850225
18439072506
18439395058
18439575819
18439701376
18443013295
18443110615
18443150650
18443154627
18443156807
18443157158
18443602562
18443916533
18445853885
18445864667
18445866476
18447062553
18447073487
18447074438
18451057306
18451359765
18451398810
18451460060
18452312677
18452500163
18452506328
18452508057
18453068381
18454443133
18454713653
18455673772
18457119420
18457413199
18457504522
18458112496
18458658214
18458869245
18459150053
18463081106
18463093170
18463103392
18463103429
18463105611
18463131089
18463285443
18463288751
18463539837
18463581785
18463582065
18463583321
18463755926
18464286482
18464367660
18465109849
18468259474
18469150323
18469430781
18470401195
18473079325
18473408090
18473482855
18473485357
18473488629
18473905069
18473984068
18475511896
18475908067
18476047094
18476659378
18477162673
18477362652
18478191850
18479262106
18479345092
18479753601
18482110042
18482114609
18482183511
18482197155
18483137747
18483225550
18483658966
18483685864
18483687849
18485350705
18485351987
18485352497
18485358390
18485465945
18485536553
18487077635
18487144863
18487152684
18487161828
18487177143
18487177827
18487254597
18487330896
18487365672
18487390360
18487655434
18487743883
18489873917
18500050969
18500059141
18500064216
18500088287
18500094548
18500132306
18500160839
18500190513
18500198190
18500200591
18500212810
18500232113
18500232315
18500326210
18500408357
18500428298
18500440328
18500518362
18500540195
18500558758
18500590349
18500595624
18500635856
18500738202
18500788560
18500938242
18501021375
18501080120
18501083759
18501087267
18501135920
18501140183
18501256656
18501259520
18501269819
18501400454
18501530679
18501531063
18501580365
18501767607
18501904276
18501974390
18502002287
18502057340
18502077352
18502139205
18502154954
18502220076
18502227811
18502248103
18502298749
18502342311
18502360553
18502569016
18502603266
18502624781
18502700251
18502713330
18502717139
18502724644
18502728211
18502783350
18502801495
18502805358
18502846569
18502860817
18502936685
18502944081
18502984345
18503013307
18503022776
18503039170
18503051056
18503087050
18503091995
18503121101
18503183770
18503215767
18503295072
18503542655
18503770788
18503793540
18503910581
18503910605
18503924638
18503925873
18504232182
18504352317
18504357347
18504406469
18504502333
18504618113
18504709303
18504716548
18504718586
18504745766
18504770388
18504778806
18504819036
18505015896
18505088373
18505322187
18505344099
18505408806
18505418156
18505529769
18505569045
18505670113
18505683685
18505735722
18505751626
18505888948
18505958862
18506351518
18506406970
18506670175
18506678003
18506836302
18506912997
18507033212
18507140620
18507340520
18507353349
18507488017
18507633523
18507702457
18507727791
18507839243
18507875424
18507975435
18507980060
18507981645
18507986858
18508153617
18508167114
18508179798
18508262358
18508282632
18508286227
18508288828
18508361413
18508427986
18508440568
18508503984
18508551113
18509026969
18509037186
18509105855
18509111606
18509150214
18509168866
18509273322
18509392143
18509976547
18509976965
18509977322
18510238868
18510248891
18510356778
18510361617
18510365336
18510406007
18510505929
18510604810
18510812041
18510812540
18510888990
18510914480
18510941827
18510962668
18510970236
18511021873
18511062475
18511085723
18511144290
18511270885
18511298909
18511305626
18511322893
18511580625
18511653391
18511691712
18511696923
18511697477
18511726957
18511748156
18511755628
18511767861
18511835013
18511898874
18512349680
18512355545
18512419270
18512479960
18512509251
18512544318
18513139171
18513142986
18513225178
18513234513
18513265816
18513327112
18513508327
18513836601
18513906638
18513927475
18513941442
18514008399
18514243986
18514401670
18514616048
18515039542
18515077664
18515195492
18515198493
18515200978
18515208118
18515218630
18515279092
18515310991
18515325688
18515367535
18515441151
18515444115
18515900506
18515939689
18516055737
18516082830
18516258719
18516280482
18516293758
18516601301
18516603094
18516606592
18516622932
18516638210
18516652403
18516691400
18516719062
18516763202
18516860125
18516987669
18518013313
18518081117
18518295514
18518317703
18518371080
18518377865
18518415542
18518537962
18518551248
18518601630
18518619185
18518700716
18518916576
18518917532
18518969150
18519055903
18519103646
18519591696
18520281054
18520298204
18520301612
18520325692
18520350130
18520510608
18520561017
18520722292
18520786066
18520788131
18520804894
18520833577
18520910079
18520993904
18521035032
18521051479
18521080828
18521305134
18521312514
18521352730
18521394916
18521396813
