18521537033
18521710624
18521720987
18522013792
18522033373
18522043335
18522113925
18522120231
18522179750
18522529398
18522901850
18522917238
18522922860
18522928241
18523059483
18523119194
18523136095
18523145745
18523176508
18523198705
18523276764
18523280618
18523318108
18523368479
18523411334
18523437083
18523478020
18523515006
18523575883
18523595973
18523660906
18523753127
18523856630
18523893815
18523909990
18523926157
18523977650
18523985416
18524106875
18524405933
18524430710
18524496159
18525350083
18525371218
18525411127
18525440352
18530002975
18530019892
18530023333
18530055309
18530099109
18530132096
18530202747
18530397105
18530738288
18530809406
18531001076
18531028877
18531199564
18531405995
18533506838
18534111170
18534136496
18534165946
18534794602
18534797567
18535023425
18535281908
18535309430
18535319209
18535500037
18535587703
18535615652
18535673543
18535753552
18535853456
18535952255
18536645192
18536822336
18537119520
18537173568
18537289667
18537617711
18537657763
18537665208
18537676191
18537687691
18537701449
18537731101
18537740831
18537925122
18537945030
18538015758
18538053867
18538089763
18538167521
18538255122
18538261995
18538266912
18538274616
18538303172
18538352576
18538362376
18538601806
18538723102
18538926926
18538979626
18539284997
18539575368
18539599968
18539660524
18539795889
18539806777
18539903240
18539921863
18539967771
18539994850
18539998287
18543134993
18543439139
18543521611
18545010225
18545191549
18545193405
18545373675
18545889385
18547016774
18547059162
18547117789
18547164751
18547257172
18547772697
18547827353
18547834250
18547862134
18548101791
18548132829
18548178580
18548231042
18550018766
18550043415
18550089131
18550100889
18550101156
18550286560
18550451687
18551133816
18551453194
18551505609
18551581934
18551767092
18551848506
18551971829
18552045350
18552133102
18552296496
18552828119
18552851847
18552853676
18552889399
18553141334
18553148446
18553256788
18553425357
18553612435
18553692996
18553757727
18554206068
18554503152
18554610980
18554632869
18554678116
18555007195
18555027860
18555686191
18555687476
18555864202
18555899729
18556522769
18558610562
18558721775
18558726065
18558769716
18559081339
18559292123
18559609960
18559683074
18559863778
18559969923
18560000683
18560260128
18560301797
18560308128
18560333006
18560361653
18560361767
18560376371
18560500809
18560612531
18560653901
18561092057
18561132611
18561224516
18561385466
18561403411
18561586983
18561705160
18561761914
18561804063
18561912070
18561912230
18561928268
18561953566
18561965189
18562086567
18562316206
18562317142
18562583062
18562588808
18562650056
18562671602
18562732458
18562766235
18563108498
18563154440
18563197098
18563533617
18563844441
18563931190
18563939953
18563959889
18563964766
18565035578
18565077879
18565155413
18565169304
18565264665
18565333765
18565580991
18565593236
18565602765
18565659686
18565722807
18566033475
18566062920
18566227975
18566232531
18566240112
18566292692
18566298657
18566519816
18566554739
18566596145
18566639025
18566657744
18566761344
18567690915
18567882
18568252063
18568275626
18568656546
18569035446
18569050537
18569054387
18569237185
18569366100
18569464540
18570331156
18570360335
18570629759
18571552818
18571569380
18571590814
18571641178
18571721274
18571754412
18573010888
18573151215
18573185234
18573316430
18573317323
18573333132
18573420107
18573672665
18573832083
18573832106
18573867360
18573920391
18574305883
18574408322
18574568215
18574571660
18575001943
18575035929
18575500804
18575534798
18575534818
18575639187
18575690949
18575696634
18575715615
18575756837
18575780655
18575826738
18575898636
18576085109
18576688120
18576723282
18576723822
18576728318
18576728898
18576761346
18576768386
18576787697
18577099433
18577172732
18577202024
18577346970
18577357925
18577397507
18577430252
18577622461
18577673780
18577768860
18577825810
18577825812
18577857137
18577872118
18577886185
18577907053
18577965301
18578200694
18578241497
18578650876
18579056864
18579186266
18579186363
18579800148
18580002673
18580019150
18580037824
18580126474
18580150915
18580169963
18580223395
18580256057
18580314703
18580379885
18580451497
18580582640
18580589215
18580641836
18580710510
18580711910
18580719725
18580725102
18580729448
18580747932
18580754678
18580975683
18580998014
18581296270
18581307270
18581363805
18581426373
18581715853
18582076076
18582115516
18582227276
18582629406
18583088325
18583100585
18583209937
18583612671
18583669260
18583918137
18583978913
18583980629
18584357305
18584362078
18585005855
18585182899
18585379365
18585425887
18585438117
18585446852
18585471317
18585551193
18585784619
18585887090
18585972815
18586021668
18586776450
18586819495
18587598586
18587678874
18587922352
18588215602
18588733634
18588806588
18588813465
18588819706
18588821485
18589096033
18589843765
18589927248
18589931132
18589989064
18590981257
18591398667
18591726341
18591793833
18591803190
18591883919
18591919944
18591978827
18591983219
18593009669
18593275836
18595117904
18596836176
18598592109
18599016550
18599020167
18599031840
18599189536
18599215336
18599280963
18599286136
18599963451
18599990536
185大总攻
18600010912
18600012433
18600021857
18600035036
18600045650
18600070668
18600096363
18600107891
18600110603
18600146060
18600163056
18600168033
18600184664
18600187409
18600322219
18600339287
18600404403
18600404636
18600406489
18600420009
18600430327
18600440113
18600444626
18600478847
18600502099
18600507133
18600539602
18600615013
18600661981
18600672408
18600732955
18600740104
18600769334
18600790123
18600834609
18600869608
18600882310
18600885151
18600933296
18600942123
18601020404
18601048186
18601070934
18601084095
18601114269
18601120070
18601123314
18601153795
18601190580
18601212287
18601231186
18601245725
18601249636
18601284232
18601306060
18601306911
18601317857
18601394232
18601682489
18601770236
18601977721
18602002852
18602018188
18602116036
18602132890
18602155962
18602211083
18602260965
18602280802
18602293773
18602354354
18602476688
18602486242
18602505754
18602541147
18602602808
18602635159
18602640681
18602645405
18602651103
18602657653
18602659513
18602663525
18602678273
18602750661
18602800645
18602861526
18602884020
18602971125
18603002612
18603004688
18603052891
18603200090
18603210860
18603277326
18603288419
18603402424
18603415671
18603454106
18603565161
18603566133
18603678681
18603699876
18603722833
18603736124
18603793692
18603798790
18603875578
18604026983
18604028552
18604066616
18604076825
18604110404
18604192827
18604207227
18604225500
18604251325
18604266722
18604267171
18604325928
18604329586
18604354377
18604529791
18604607076
18604616066
18604675778
18604675801
18604697336
18604781915
18604844536
18604887278
18604985603
18605073669
18605134058
18605162340
18605173919
18605181742
18605233241
18605240679
18605266181
18605374719
18605420108
18605441996
18605464757
18605471733
18605475576
18605554441
18605581776
18605725501
18605740512
18605954165
18605958090
18606065317
18606069756
18606160077
18606163734
18606239365
18606273521
18606465575
18606626603
18606706332
18606990728
18607013372
18607022480
18607073012
18607087136
18607102341
18607179221
18607207446
18607228300
18607362386
18607380052
18607516907
18607545012
18607745468
18607791447
18607873141
18607891552
18607911216
18607954230
18608035402
18608045128
18608091510
18608130550
18608130656
18608183867
18608191334
18608201430
18608225339
18608316582
18608503067
18608582028
18608586730
18608709637
18608789936
18608811026
18608845397
18608851413
18608956306
18609001171
18609011571
18609025147
18609064116
18609082095
18609098876
18609139721
18609160728
18609203287
18609257756
18609483305
18609488823
18609507300
18609619960
18609795896
18609821130
18609823693
18609857557
18609868653
18609919843
18609963731
18609976775
18609998683
18610056518
18610061283
18610103434
18610120719
18610122588
18610142326
18610152179
18610162382
18610199670
18610257556
18610266814
18610293157
18610294365
18610298113
18610307165
18610317300
18610317807
18610336073
18610355512
18610416639
18610446375
18610491265
18610505001
18610526834
18610545411
18610550332
18610636739
18610640406
18610648308
18610672507
18610685835
18610687388
18610706101
18610729680
18610813500
18610833237
18610848081
18611022757
18611068025
18611077722
18611093179
18611119320
18611127585
18611158125
18611182734
18611190763
18611236892
18611261329
18611263930
18611283290
18611286725
18611298878
18611309571
18611311571
18611333279
18611353005
18611387425
18611400365
18611402433
18611417721
18611447174
18611448726
18611552618
18611565716
18611581037
18611583593
18611621028
18611624865
18611637830
18611655550
18611740754
18611741984
18611759428
18611835502
18611852690
18611886488
18611948355
18611994199
18612107891
18612141040
18612219240
18612248076
18612339721
18612352153
18612357500
18612369666
18612450246
18612473126
18612545561
18612558677
18612575070
18612588762
18612615608
18612636261
18612695002
18612724960
18612748883
18612794702
18612800194
18612805016
18612875086
18612894384
18612908903
18612921305
18612934988
18612981611
18612986169
18613029802
18613137677
18613178618
18613230323
18613238191
18613238436
18613616579
18613650063
18613712381
18613712553
18613810369
18613951769
18613987541
18614029610
18614036832
18614057782
18614096301
18614244410
18615018535
18615100881
18615113343
18615158828
18615202987
18615328993
18615331898
18615582061
18615596617
18615633198
18615720702
18615723762
18615759297
18615769043
18615948352
18616020987
18616022484
18616175617
18616256746
18616515509
18616552397
18616617956
18616625050
18616627506
18616633213
18616634459
18616638886
18616743530
18616761443
18616789111
18616809693
18616858521
18616861808
18616923993
18616957528
18616963056
18617148792
18617219450
18617250317
18617307205
18617843545
18618132299
18618205941
18618211566
18618234319
18618242952
18618269872
18618288960
18618318810
18618323721
18618374533
18618383190
18618397669
18618415001
18618458545
18620097862
18620124612
18620173509
18620236953
18620310356
18620331097
18620337156
18620361426
18620461531
18620602124
18620721927
18620864643
18620896099
18620968658
18620980295
18621035757
18621066793
18621178186
18621192015
18621278438
18621294031
18621386068
18621519345
18621538766
18621572135
18621588772
18621702075
18621754948
18621756685
18621781225
18621788793
18621851510
18621915335
18621917583
18621918667
18621950241
18621998429
18622002920
18622026908
18622035753
18622084175
18622084197
18622110607
18622181175
18622280480
18622285437
18622302565
18622357801
18622367065
18622381238
18622392530
18622418913
18622517976
18622524008
18622538544
18622582658
18622590790
18622597954
18622694177
18622695575
18622698477
18622703596
18622785092
18622858601
18622915677
18622973315
18622992822
18622992842
18623065788
18623071002
18623074240
18623074751
18623106873
18623147733
18623179826
18623239075
18623389116
18623391211
18623412247
18623430524
18623459466
18623490088
18623511446
18623526513
18623560583
18623574017
18623684123
18623765059
18623794860
18623892960
18623896138
18623930382
18624016512
18624040696
18624065662
18624088415
18624091990
18624286480
18624324802
18624340713
18624369591
18624387520
18624412990
18624500468
18624561963
18624615772
18624920702
18625155415
18625159116
18625299884
18625350988
18625530053
18625559416
18625629032
18625661123
18625706869
18625804960
18625868684
18625936676
18625956760
18625976877
18625983655
18625985107
18625989099
18626053678
18626096675
18626195110
18626198546
18626257932
18626463293
18626522469
18626535810
18626536215
18626604512
18626656023
18626686588
18626726372
18626879937
18626952057
18627140270
18627150420
18627168580
18627179915
18627232666
18627330289
18627344485
18627387335
18627436733
18627521925
18627588883
18627652728
18627657025
18627700156
18627721094
18627761700
18627823096
18627826011
18627838018
18627838688
18627865700
18627984131
18627985675
18628039836
18628061643
18628086599
18628111027
18628114870
18628205434
18628245035
18628252113
18628262983
18628287007
18628319483
18628322903
18628324069
18628366633
18628384928
18628387985
18628441961
18628501332
18628575807
18628664082
18628795850
18628888833
18628950060
18629040612
18629041935
18629079670
18629099035
18629108597
18629232612
18629233453
18629260367
18629285700
18629323968
18629330725
18629385309
18629433634
18629515316
18629522390
18629527031
18629527233
18629552132
18629575787
18629596223
18629599216
18629608952
18629616215
18629891056
18629926039
18630048001
18630058704
18630290565
18630325964
18630352313
18630378384
18630396376
18630602397
18630610267
18630615949
18630795312
18630833409
18630872864
18631004377
18631088862
18631161887
18631171112
18631234200
18631451174
18631487587
18631526543
18631645780
18631703697
18631763343
18631832559
18631909394
18632131037
18632233601
18632407600
18632428311
18632503212
18632617554
18632631105
18632658303
18632697770
18632753086
18632756221
18632802005
18632817308
18632837808
18632930869
18632931231
18632966676
18632975678
18633040936
18633041272
18633119201
18633167506
18633371101
18633453378
18633458868
18633495107
18633603710
18633611663
18633671112
18633673650
18633807721
18633824795
18634213957
18634277124
18634304070
18634359207
18634368590
18634394127
18634629580
18634664977
18634746873
18634799019
18634897766
18634932166
18634952012
18634952018
18635123535
18635187794
18635258341
18635266657
18635324922
18635379487
18635468881
18635487773
18635490597
18635526390
18635568719
18635644867
18635688922
18635696062
18635897551
18635956920
18636106625
18636212241
18636253410
18636406986
18636460090
18636582661
18636608905
18636634567
18636665003
18636686338
18636775498
18636806518
18636890071
18637170008
18637170623
18637236468
18637261477
18637341304
18637368637
18637608185
18637757632
18637797391
18637902871
18637968040
18638079119
18638268783
18638288440
18638303165
18638412220
18638502010
18638577233
18638618693
18638644533
18638723578
18638760787
18638763696
18638775277
18638779111
18638900871
18638943108
18639140804
18639195809
18639205010
18639209141
18639314233
18639363556
18639369317
18639375678
18639697019
18639725532
18639736344
18639764780
18639808875
18639843905
18639901856
18640095935
18640158109
18640160531
18640174086
18640237926
18640238543
18640253158
18640281465
18640298952
18640310491
18640429329
18640444253
18640470335
18640493500
18640621822
18640786770
18640852871
18640862655
18640870559
18640899287
18640946054
18640975813
18641004236
18641111016
18641115070
18641159225
18641194196
18641216806
18641241020
18641275182
18641278566
18641319698
18641324358
18641513443
18641609229
18641667861
18641752328
18641762030
18641849911
18641995652
18642019087
18642040257
18642239525
18642278414
18642345681
18642632819
18642686121
18642736551
18642749966
18642778986
18642850515
18642855746
18642866560
18642866763
18642894402
18642945931
18642957698
18643079788
18643111350
18643147098
18643202803
18643243433
18643252698
18643270621
18643361501
18643398814
18643399399
18643421010
18643426001
18643437390
18643492548
18643654655
18643668077
18643801264
18643925446
18643955876
18643983248
18643994709
18644089840
18645002666
18645024107
18645060628
18645088897
18645108733
18645145363
18645156107
18645177666
18645225662
18645238912
18645271893
18645373022
18645403659
18645530124
18645579197
18645592329
18645627897
18645697170
18645909172
18645933981
18646036894
18646134199
18646200314
18646277101
18646282821
18646349182
18646397970
18646551312
18646643187
18646664290
18647012899
18647110675
18647162955
18647233296
18647332791
18647343289
18647399517
18647400826
18647417557
18647435669
18647492812
18647504700
18647700552
18647719577
18647788816
18647807099
18647885848
18647996338
18648048786
18648266764
18648311760
18648319505
18648339806
18648351955
18648436657
18648482448
18648557222
18648617032
18648887776
18648913565
18649021080
18649034202
18649045254
18649058131
18649103638
18649161467
18649168392
18649321613
18649515621
18649524838
18649529044
18649607147
18649628051
18649755530
18649768640
18649824051
18649837661
18650176183
18650230789
18650369833
18650477224
18650493865
18650498940
18650710434
18650787846
18650805990
18650868598
18650920207
18650993300
18651028614
18651046689
18651111560
18651141177
18651230104
18651277005
18651278968
18651392622
18651577242
18651623093
18651629232
18651658773
18651734618
18651775708
18651804118
18651868958
18651910058
18651919851
18651935039
18652031383
18652032370
18652065864
18652072957
18652133918
18652284289
18652389629
18652506082
18652506388
18652557477
18652637880
18652789291
18652865833
18652873897
18652929856
18652930406
18653002858
18653127820
18653146363
18653152296
18653229800
18653236391
18653264017
18653265887
18653284708
18653288403
18653330197
18653332818
18653369769
18653371626
18653423919
18653492507
18653505899
18653612985
18653630920
18653678977
18653687087
18653702922
18653712192
18653820744
18653850034
18653888716
18653889166
18653932561
18654111113
18654636001
18654771763
18654775605
18654810259
18654815929
18655174102
18655404471
18655418810
18655482268
18655489668
18655500430
18655567725
18655605936
18655625074
18655690916
18655730138
18655792636
18655803295
18655890028
18655990215
18655999273
18656023699
18656035077
18656112657
18656260889
18656337568
18656355866
18656486409
18656528013
18656547620
18656555678
18656767970
18656860968
18656962068
18656972212
18656972253
18656975397
18657136658
18657197271
18657205001
18657256633
18657332759
18657507253
18657531786
18657791176
18657806150
18657913913
18657936882
18657988999
18658012835
18658137320
18658161624
18658274566
18658503669
18658702702
18658718380
18658811185
18658816830
18658837421
18658850570
18658854313
18658884550
18658893332
18658912335
18659004589
18659110914
18659305937
18659307957
18659318512
18659335617
18659488883
18659716144
18659835225
18659836849
18660001788
18660038451
18660062431
18660065361
18660105601
18660155056
18660166762
18660205608
18660214250
18660215871
18660374214
18660521295
18660527856
18660572610
18660712063
18660725808
18660735201
18660770509
18660775537
18660783803
18660800102
18660953985
18661089594
18661316143
18661372172
18661388835
18661409233
18661443720
18661653455
18661665973
18661666151
18661726263
18661834567
18661900871
18661941880
18661982882
18662189068
18662195565
18662198476
18662203608
18662347101
18662403984
18662434970
18662455197
18662469163
18662491204
18662495049
18662499029
18662523165
18662536499
18662582803
18662592421
18662607891
18662658627
18662719655
18662911878
18663102948
18663108549
18663173839
18663187795
18663190819
18663296127
18663313169
18663322653
18663350884
18663372851
18663389866
18663422353
18663496941
18663535879
18663760654
18663799698
18663862197
18663868966
18663877802
18663913090
18663951035
18663981233
18664192313
18664463336
18664521605
18664554604
18664593575
18664605921
18664658020
18664797978
18664868366
18664917887
18664941700
18665015516
18665604015
18665656786
18665674922
18665745839
18665788382
18665790536
18665838193
18665887893
18665896077
18665950278
18665962903
18665996332
18666014851
18666015544
18666062318
18666073187
18666080288
18666150440
18666236216
18666280877
18666285390
18666293070
18666565270
18666823397
18666916607
18666972218
18666984041
18666991500
18667100102
18667112076
18667423802
18667619070
18667895251
18668048101
18668071081
18668221522
18668255023
18668256251
18668334645
18668380152
18668389731
18668632092
18668968897
18669079343
18669096968
18669169676
18669205844
18669223027
18669440452
18669603885
18669687025
18669692236
18669813991
18669818115
18669863980
18670042882
18670045127
18670080428
18670089477
18670093204
18670111104
18670144131
18670206196
18670235022
18670479831
18670490704
18670499679
18670566651
18670765367
18670782239
18670874843
18670902911
18670927026
18670933288
18671106019
18671184521
18671319282
18671333357
18671340597
18671341027
18671445105
18671445346
18671454424
18671466268
18671517646
18671603135
18671733131
18671746058
18671784256
18671862087
18671875318
18672003005
18672164806
18672195565
18672212545
18672250491
18672287061
18672304318
18672372606
18672385305
18672464133
18672630129
18672767765
18672774332
18672781088
18672790055
18672825585
18672826347
18672891526
18672977079
18673013920
18673103937
18673163711
18673187028
18673195059
18673215299
18673283047
18673418992
18673509003
18673591586
18673666963
18673717655
18673783050
18673883176
18673975830
18673977231
18674014009
18674127412
18674144411
18674167280
18674224976
18674335179
18674344218
18674399653
18674527822
18674706267
18674799536
18674855636
18674856326
18674860066
18674867164
18674878232
18674889652
18675110336
18675175518
18675280655
18675508122
18675520844
18675694481
18675712896
18675775193
18675852441
18676060380
18676580609
18676581445
18676665506
18676788169
18676835713
18676886778
18676968260
18677029787
18677068353
18677114835
18677153034
18677156662
18677185166
18677418509
18677665966
18678009653
18678172290
18678183469
18678268018
18678375217
18678632818
18678637921
18678686130
18678692020
18678783802
18678822369
18678914151
18679035514
18679050951
18679138195
18679143586
18679256163
18679260942
18679488110
18679634639
18679656983
18679669363
18679680057
18679814503
18679829280
18679992676
18680052509
18680199862
18680285656
18680389819
18680392676
18680427473
18680504945
18680524887
18680932289
18680994922
18681182798
18681503988
18681585091
18681778487
18681816293
18681851007
18681856983
18681857965
18681871672
18681893087
18681995813
18682045519
18682175743
18682199267
18682229366
18682243033
18682246991
18682429166
18682432521
18682448216
18682602585
18682657707
18682698325
18682871597
18683021304
18683069588
18683102357
18683132340
18683200646
18683298603
18683458535
18683567810
18683599602
18683712645
18683721186
18683727207
18683819378
18683930817
18684000362
18684015916
18684078756
18684154925
18684505930
18684630110
18684671757
18684672616
18684720827
18684735012
18684736768
18684821650
18684880283
18684911811
18684963770
18685022514
18685048292
18685057346
18685073772
18685142142
18685159403
18685165198
18685167321
18685227377
18685298762
18685304799
18685329152
18685399767
18685411362
18685442609
18685457917
18685558645
18685577968
18685754520
18685871112
18685990672
18686084665
18686193084
18686317123
18686373333
18686428814
18686436813
18686452317
18686549964
18686565302
18686581067
18686602312
18686609868
18686627812
18686631663
18686650868
18686666997
18686675037
18686678264
18686687707
18686776840
18686824734
18686856659
18686879373
18686881319
18686895239
18686933753
18686978616
18686990858
18687004612
18687040317
18687040426
18687042009
18687045724
18687048161
18687082768
18687085001
18687124207
18687136167
18687137722
18687139646
18687189675
18687243006
18687404840
18687475169
18687529869
18687662201
18687771026
18687773847
18687802619
18687814877
18687926675
18687951128
18687969469
18687998580
18688028275
18688085460
18688101964
18688122336
18688165959
18688385715
18688472010
18688480193
18688511529
18688610104
18688681609
18688745125
18688807959
18688819184
18688838698
18688846375
18688863862
18688878726
18688880000
18688884534
18688886965
18688920337
18688923226
18689309080
18689552232
18689712358
18689713607
18689783596
18689798366
18689816983
18689833678
18689875305
18689913526
18689978031
18690107568
18690107626
18690133202
18690136321
18690140705
18690242006
18690280582
18690311718
18690356432
18690443209
18690448595
18690453892
18690600720
18690632719
18690635290
18690724421
18690819889
18690889488
18690889521
18690973917
18691013901
18691025464
18691035247
18691092163
18691113791
18691421116
18691452911
18691606276
18691625006
18691729862
18691780843
18691822642
18691836338
18691844644
18691868031
18691883512
18691889519
18691919192
18691985286
18692001769
18692104808
18692199873
18692225698
18692258745
18692269204
18692270786
18692548167
18692552192
18692853436
18692912191
18692980128
18692995801
18692998172
18693054134
18693074525
18693079670
18693089165
18693094715
18693100448
18693107023
18693133590
18693141233
18693151851
18693159504
18693253662
18693291236
18693405956
18693719238
18693777732
18693822119
18693913966
18693940440
18694052090
18694135554
18695020315
18695048504
18695072583
18695097195
18695255466
18695262646
18695607131
18695786376
18695811631
18695838829
18695893373
18695912369
18695967370
18696016300
18696134086
18696565266
18696681232
18696771988
18696847979
18697110831
18697174328
18697254016
18697269513
18697317062
18697350603
18697400561
18697402778
18697606604
18697958273
18698008616
18698063293
18698150945
18698168760
18698218296
18698348827
18698415141
18698435445
18698460622
18698647489
18698690696
18698811343
18698828023
18698849488
18698862780
18698863618
18698874237
18698881648
18699006550
18699055972
18699093867
18699102126
18699160641
18699175518
18699176036
18699178132
18699180787
18699200873
18699216299
18699225126
18699307866
18699324993
18699391660
18699468267
18699478956
18699480907
18699663863
18699670727
18699673834
18699673905
18699917723
18700030517
18700180220
18700372330
18700459266
18700490347
18700528379
18700657833
18700683339
18700724211
18700784240
18700817329
18700857297
18700879293
18700880566
18700933396
18700954030
18700990171
18701096395
18701112573
18701152857
18701161028
18701265585
18701342427
18701567298
18701587057
18701693320
18701695256
18701727811
18701773283
18701787750
18701881830
18701975494
18702015242
18702030332
18702080783
18702104380
18702231609
18702234334
18702255090
18702258183
18702389536
18702474169
18702500968
18702513118
18702600216
18702600594
18702602183
18702602928
18702604756
18702613073
18702615114
18702622855
18702673070
18702702367
18702761668
18702809023
18702829857
18702836627
18702891997
18702936423
18702945768
18702970481
18703000951
18703007833
18703038180
18703063130
18703079937
18703216830
18703280325
18703332325
18703416358
18703426110
18703451915
18703482784
18703509408
18703611057
18703618711
18703667421
18703690860
18703807149
18703823661
18703856228
18703882096
18703897010
18703905379
18703921639
18703956975
18703959689
18704206010
18704276357
18704522537
18704532547
18704592854
18704615421
18704631347
18704631571
18704635472
18704635896
18704715998
1870487635
18704902822
18705177263
18705197296
18705618731
18706190079
18706225620
18706296198
18706305869
18706380062
18706399179
18706403536
18706457616
18706476410
18706539812
18706695668
18706734685
18706746543
18706788619
18706803070
18706810712
18706821541
18706850187
18706852305
18706852797
18706912227
18707054166
18707135874
18707137702
18707151461
18707164206
18707176790
18707218251
18707280829
18707473288
18707479829
18707621597
18707715808
18707741995
18707742816
18707750543
18707901568
18707906266
18707962393
18708113189
18708126175
18708128962
18708175030
18708254045
18708507495
18708558159
18708622838
18708624127
18708886818
18708905716
18709118882
18709247831
18709276259
18709400418
18709409275
18709465590
18709487868
18709488997
18709496886
18709499020
18709599241
18709607225
18709625027
18709646067
18709711469
18709788397
18709815862
18709816208
18709848125
18709864993
18709948124
18710018660
18710033719
18710150353
18710225366
18710280850
18710293754
18710323911
18710354542
18710398233
18710408024
18710410573
18710553714
18710590068
18710592623
18710608098
18710631957
18710683715
18710705703
18710749189
18710774408
18710782008
18710788240
18710795087
18710870651
18710893238
18710907584
18710935739
18710945851
18710960101
18710975750
18710996101
18711054012
18711060613
18711157515
18711255125
18711331790
18711385123
18711783211
18711790606
18711811800
18711960106
18712119352
18712357621
18712496889
18712562162
18712762268
18712765017
18712773707
18712779599
18712781280
18712785750
18712837059
18712852177
18712877801
18712960494
18712961611
18713071465
18713137533
18713187015
18713236086
18713258232
18713350704
18713388990
18713459431
18713491989
18713549010
18713555178
18713806106
18713911890
18713922216
18713989821
18713990505
18714724966
18714753535
18715005153
18715015929
18715017593
18715034130
18715055422
18715081741
18715099844
18715119800
18715165553
18715263126
18715331350
18715384655
18715385516
18715509991
18715521965
18715537576
18715612211
18715661612
18715768250
18715797321
18715850597
18715954245
18716001080
18716009257
18716033098
18716108887
18716138817
18716276797
18716333650
18716352447
18716477400
18716638538
18716718495
18716730467
18716870484
18716888497
18716924920
18717059047
18717074841
18717087782
18717108430
18717111246
18717152569
18717162329
18717173718
18717222592
18717244221
18717262470
18717270323
18717286200
18717336221
18717382358
18717555178
18717567626
18717716193
18717822312
18718032074
18718036844
18718237289
18718262623
18718270230
18718286257
18718345679
18718468357
18718555300
18718569092
18718632633
18718687948
18718693902
18718795677
18718877725
18718988215
18719042648
18719179220
18719408897
18719915901
18720087709
18720239212
18720246233
18720273292
18720292285
18720334759
18720426019
18720443465
18720522320
18720675529
18720777008
18720796637
18720912827
18720938176
18720950455
18720955796
18720957410
18720977858
18721000912
18721218771
18721383727
18721548189
18721635135
18721705408
18721721307
18721722806
18721750650
18721789495
18721798313
18721812002
18721840250
18721906181
18721907338
18722019064
18722058109
18722095003
18722275120
18722334171
18722372012
18722413569
18722445060
18722495377
18722521251
18722610519
18722635033
18722813875
18722836916
18723015728
18723064760
18723116130
18723119255
18723134001
18723189073
18723289771
18723305746
18723341220
18723371110
18723640280
18723762516
18723826403
18723917674
18724027600
18724241083
18724290344
18724300692
18724311309
18724486521
18724615507
18724660551
18724710687
18724778220
18725040878
18725069907
18725135513
18725185347
18725368874
18725444408
18725485858
18725548070
18725650323
18725839952
18725888616
18725891535
18725939217
18725993689
18726209924
18726293018
18726298602
18726588655
18726873980
18726969216
18727002985
18727025756
18727056082
18727121520
18727362911
18727378649
18727386862
18727444342
18727765511
18727826157
18727842082
18727891692
18727943837
18727988027
18728068798
18728084675
18728158915
18728172953
18728193006
18728316845
18728332755
18728411036
18728435852
18728484790
18728496824
18728566422
18728570396
18728631158
18728649473
18728682447
18728704563
18729014061
18729055820
18729057803
18729100309
18729132513
18729139305
18729226176
18729274155
18729365044
18729369759
18729451346
18729455624
18729573396
18729688791
18729783637
18729840493
18729867753
18729987576
18730050703
18730098990
18730183287
18730199169
18730199936
18730223866
18730224319
18730231772
18730262127
18730279802
18730309768
18730316867
18730363619
18730506519
18730719571
18730778881
18730883732
18730931917
18730938250
18730982091
18731060210
18731109770
18731139686
18731175539
18731179872
18731207563
18731245250
18731431381
18731433096
18731479036
18731601389
18731630716
18731709635
18731828338
18731842715
18732143755
18732155153
18732177595
18732181070
18732192338
18732434093
18732520772
18732525653
18732618806
18732830185
18732967531
18732987625
18732997723
18733193309
18733372383
18733421131
18733507510
18733668941
18733761514
18733823329
18733914969
18734128991
18734136015
18734155299
18734230987
18734268774
18734293301
18734337377
18734357669
18734466294
18734530919
18734579958
18734584601
18734588039
18734599638
18734727555
18734741852
18734743312
18734817386
18734917947
18735041225
18735130886
18735191264
18735197697
18735267898
18735295924
18735363414
18735392548
18735398028
18735398058
18735431675
18735439967
18735443205
18735486695
18735578880
18735579510
18735590634
18735605686
18735775768
18735781111
18735796115
18735811941
18735965549
18736000387
18736004180
18736008139
18736010204
18736056394
18736072873
18736153547
18736164277
18736279855
18736381662
18736416377
18736614489
18736624584
18736674624
18736692067
18736942598
18737059191
18737124680
18737152301
18737333561
18737451981
18737533781
18737612048
18737866943
18737880375
18738013400
18738072178
18738166751
18738175700
18738201398
18738289605
18738525297
18738781115
18738792348
18738799471
18738800121
18738838570
18738871578
18738982625
18739029520
18739098598
18739145710
18739255290
18739283216
18739362392
18739407521
18739548360
18739816523
18739889956
18739900728
18739914759
18739930908
18739971627
18739993397
18740159442
18740308714
18740362075
18740445211
18740468860
18740698103
18740789631
18741020181
18741220694
18741279353
18741648116
18741655785
18741666257
18741722992
18741766594
18741883827
18741889551
18742020223
18742072207
18742093455
18742093755
18742178822
18742399897
18742433174
18742463969
18742491529
18742781652
1874283513
18742979819
18743216027
18743285061
18743315193
18743332136
18743350906
18743401433
18743623984
18743752279
18743824990
18744170651
18744186027
18744193685
18744297690
18744446369
18744452621
18744569543
18744715725
18744837930
18745024976
18745034255
18745076016
18745114944
18745123203
18745245574
18745289221
18745293061
18745386669
18745616892
18745621623
18745682897
18745684286
18745739602
18745755810
18745801251
18745810531
18745813184
18745867670
18745903328
18745923000
18745956046
18745966530
18745975479
18746068511
18746073269
18746075815
18746086655
18746169687
18746174005
18746192067
18746214498
18746299979
18746337969
18746749952
18746769853
18746792954
18746855680
18747015490
18747082589
18747181417
18747241662
18747550475
18747555470
18747556271
18747704143
18747771866
18747986737
18748099897
18748106862
18748116424
18748220257
18748313733
18748469444
18748725200
18748968687
18749117065
18749175445
18749359274
18749692818
18749892710
18749951899
18750003615
18750155786
18750235220
18750333098
18750579887
18750628950
18750719982
18750820057
18750876461
18750929457
18751412017
18751553382
18751614356
18751700100
18751800160
18751807715
18752065711
18752154990
18752300195
18752350664
18752726570
18752809609
18752833963
18752889225
18752896794
18753074477
18753133286
18753283011
18753358552
18753385968
18753495760
18753530962
18753610703
18753705172
18753736659
18753756519
18753922653
18753931182
18754008226
18754125883
18754195961
18754230232
18754251806
18754271537
18754353507
18754544832
18754548576
18754605787
18754643303
18754686799
18754896227
18755003192
18755059085
18755110187
18755118615
18755121523
18755323675
18755430570
18755510883
18755620717
18755702721
18755876487
18756003293
18756042526
18756066621
18756117287
18756119521
18756133299
18756199129
18756226565
18756608092
18756609415
18756679340
18756705911
18756732968
18756813193
18756925519
18756952139
18756975530
18757037336
18757096061
18757111122
18757136615
18757230879
18757277852
18757450710
18757457975
18757503696
18757560762
18757747553
18757929899
18757963601
18757975532
18758007981
18758099462
18758210282
18758227357
18758270862
18758289815
18758361937
18758569667
18758590205
18758782670
18758853401
18759098219
18759120226
18759278017
18759294098
18759371248
18759600092
18759804541
18759816432
18759880360
18759887653
18759911125
18759914095
18759932550
18759961865
18760110081
18760160585
18760404943
18760486654
18760587409
18760758071
18760789153
18760950306
18760969163
18760980725
18761119800
18761312810
18761313882
18761320623
18761327615
18761355769
18761489753
18761524991
18761600879
18761610797
18761676107
18761802319
18761876763
18762025580
18762335303
18762501059
18762552989
18762570520
18762687298
18762857929
18763236252
18763365231
18763426816
18763805815
18763835119
18763890910
18763899260
18764002020
18764129284
18764280082
18764317525
18764393963
18764635137
18764658776
18764695100
18764717388
18764832653
18764951670
18765027860
18765152513
18765217431
18765236302
18765316709
18765351096
18765620401
18765655586
18765699297
18765806378
18765845382
18765862935
18765951270
18766061873
18766145452
